Sample#,Scan#,Interval,ENERGY-RBK,IC1[V],IC2[V],IC3[V],TRANS,TransRef,If,FLUOR,ROI_0[c/s],ROI_1[c/s],ROI_2[c/s],ROI_3[c/s],ROI_4[c/s],ROI_5[c/s],ROI_6[c/s],ROI_7[c/s],e-time[sec],DEADTIME[%],INT_TIME[sec],OCR,ICR
1,1,1,8.879963240719258,0,0,3.195132464,0,0,0,0,0,0,0,0,0,0,0,0,0,0,0,0,0
1,1,1,8.88499967400551,0,0,3.2050204445714288,0,0,0,0,0,0,0,0,0,0,0,0,0,0,0,0,0
1,1,1,8.890004180738329,0,0,3.194476182857143,0,0,0,0,0,0,0,0,0,0,0,0,0,0,0,0,0
1,1,1,8.894995557502964,0,0,3.1897849817142854,0,0,0,0,0,0,0,0,0,0,0,0,0,0,0,0,0
1,1,1,8.899992688208284,0,0,3.1937705188571424,0,0,0,0,0,0,0,0,0,0,0,0,0,0,0,0,0
1,1,1,8.90500506337489,0,0,3.1927406308571427,0,0,0,0,0,0,0,0,0,0,0,0,0,0,0,0,0
1,1,1,8.910004250930974,0,0,3.1501727782857136,0,0,0,0,0,0,0,0,0,0,0,0,0,0,0,0,0
1,1,1,8.915085221116076,0,0,3.191222874285714,0,0,0,0,0,0,0,0,0,0,0,0,0,0,0,0,0
1,1,1,8.920000894146897,0,0,3.1998337119999998,0,0,0,0,0,0,0,0,0,0,0,0,0,0,0,0,0
1,1,1,8.925007850148166,0,0,3.1765021851428563,0,0,0,0,0,0,0,0,0,0,0,0,0,0,0,0,0
1,1,1,8.929991969494253,0,0,3.1905195942857145,0,0,0,0,0,0,0,0,0,0,0,0,0,0,0,0,0
1,1,1,8.934991348617942,0,0,3.187146064,0,0,0,0,0,0,0,0,0,0,0,0,0,0,0,0,0
1,1,1,8.939996472920361,0,0,3.178331224,0,0,0,0,0,0,0,0,0,0,0,0,0,0,0,0,0
1,1,1,8.94500735222342,0,0,3.1792121119999996,0,0,0,0,0,0,0,0,0,0,0,0,0,0,0,0,0
1,1,1,8.950004837902595,0,0,3.174227678857143,0,0,0,0,0,0,0,0,0,0,0,0,0,0,0,0,0
1,1,1,8.955008054258439,0,0,3.1710103005714285,0,0,0,0,0,0,0,0,0,0,0,0,0,0,0,0,0
1,1,1,8.959997808694606,0,0,3.1478177268571423,0,0,0,0,0,0,0,0,0,0,0,0,0,0,0,0,0
1,1,2,8.961034857630011,0,0,3.1331166205714283,0,0,0,0,0,0,0,0,0,0,0,0,0,0,0,0,0
1,1,2,8.961995307671858,0,0,3.1334582137142855,0,0,0,0,0,0,0,0,0,0,0,0,0,0,0,0,0
1,1,2,8.96300400749184,0,0,3.129674976,0,0,0,0,0,0,0,0,0,0,0,0,0,0,0,0,0
1,1,2,8.964032160236751,0,0,3.123652651428571,0,0,0,0,0,0,0,0,0,0,0,0,0,0,0,0,0
1,1,2,8.96500288152504,0,0,3.1175014205714286,0,0,0,0,0,0,0,0,0,0,0,0,0,0,0,0,0
1,1,2,8.965993047102915,0,0,3.1101702799999997,0,0,0,0,0,0,0,0,0,0,0,0,0,0,0,0,0
1,1,2,8.967002670112016,0,0,3.099625337142857,0,0,0,0,0,0,0,0,0,0,0,0,0,0,0,0,0
1,1,2,8.96799328880024,0,0,3.093234514285714,0,0,0,0,0,0,0,0,0,0,0,0,0,0,0,0,0
1,1,2,8.969003373875097,0,0,3.0859408365714285,0,0,0,0,0,0,0,0,0,0,0,0,0,0,0,0,0
1,1,2,8.96999444598205,0,0,3.0700237199999996,0,0,0,0,0,0,0,0,0,0,0,0,0,0,0,0,0
1,1,2,8.970995368074353,0,0,3.051595570285715,0,0,0,0,0,0,0,0,0,0,0,0,0,0,0,0,0
1,1,2,8.97200614683764,0,0,2.977293101714286,0,0,0,0,0,0,0,0,0,0,0,0,0,0,0,0,0
1,1,2,8.973007529421695,0,0,2.933550958857143,0,0,0,0,0,0,0,0,0,0,0,0,0,0,0,0,0
1,1,2,8.974009141267363,0,0,2.8367360377142856,0,0,0,0,0,0,0,0,0,0,0,0,0,0,0,0,0
1,1,2,8.975001348272134,0,0,2.698716060571428,0,0,0,0,0,0,0,0,0,0,0,0,0,0,0,0,0
1,1,2,8.976003416668908,0,0,2.0385002959999996,0,0,0,0,0,0,0,0,0,0,0,0,0,0,0,0,0
1,1,3,8.796202088609183,0,0,3.1751603337142855,0,0,0,0,0,0,0,0,0,0,0,0,0,0,0,0,0
1,1,3,8.79636849168765,0,0,3.1957351051428566,0,0,0,0,0,0,0,0,0,0,0,0,0,0,0,0,0
1,1,3,8.796599617797106,0,0,3.1931195165714286,0,0,0,0,0,0,0,0,0,0,0,0,0,0,0,0,0
1,1,3,8.796803019087884,0,0,3.191689797714285,0,0,0,0,0,0,0,0,0,0,0,0,0,0,0,0,0
1,1,3,8.79699718387379,0,0,3.190455566857143,0,0,0,0,0,0,0,0,0,0,0,0,0,0,0,0,0
1,1,3,8.79719135745915,0,0,3.190316954285714,0,0,0,0,0,0,0,0,0,0,0,0,0,0,0,0,0
1,1,3,8.797404033864051,0,0,3.190623809142857,0,0,0,0,0,0,0,0,0,0,0,0,0,0,0,0,0
1,1,3,8.797598225888281,0,0,3.1908066959999997,0,0,0,0,0,0,0,0,0,0,0,0,0,0,0,0,0
1,1,3,8.7977924267138,0,0,3.190439049142857,0,0,0,0,0,0,0,0,0,0,0,0,0,0,0,0,0
1,1,3,8.797995884638253,0,0,3.1910914137142856,0,0,0,0,0,0,0,0,0,0,0,0,0,0,0,0,0
1,1,3,8.798199352223499,0,0,3.191251482285714,0,0,0,0,0,0,0,0,0,0,0,0,0,0,0,0,0
1,1,3,8.798393580294857,0,0,3.1910462879999995,0,0,0,0,0,0,0,0,0,0,0,0,0,0,0,0,0
1,1,3,8.798597066764536,0,0,3.190845180571428,0,0,0,0,0,0,0,0,0,0,0,0,0,0,0,0,0
1,1,3,8.798791312863186,0,0,3.1901160171428566,0,0,0,0,0,0,0,0,0,0,0,0,0,0,0,0,0
1,1,3,8.799004068693009,0,0,3.1884797417142856,0,0,0,0,0,0,0,0,0,0,0,0,0,0,0,0,0
1,1,3,8.799198333240765,0,0,3.1875877851428567,0,0,0,0,0,0,0,0,0,0,0,0,0,0,0,0,0
1,1,3,8.799401857926451,0,0,3.1866251599999993,0,0,0,0,0,0,0,0,0,0,0,0,0,0,0,0,0
1,1,3,8.799596140506534,0,0,3.1855339691428566,0,0,0,0,0,0,0,0,0,0,0,0,0,0,0,0,0
1,1,3,8.799799684084531,0,0,3.184152100571428,0,0,0,0,0,0,0,0,0,0,0,0,0,0,0,0,0
1,1,3,8.799993984699427,0,0,3.185006594285714,0,0,0,0,0,0,0,0,0,0,0,0,0,0,0,0,0
1,1,3,8.800206800241734,0,0,3.184832221714285,0,0,0,0,0,0,0,0,0,0,0,0,0,0,0,0,0
1,1,3,8.80039186582454,0,0,3.186563005714285,0,0,0,0,0,0,0,0,0,0,0,0,0,0,0,0,0
1,1,3,8.80059544719498,0,0,3.1861187302857137,0,0,0,0,0,0,0,0,0,0,0,0,0,0,0,0,0
1,1,3,8.800817546990793,0,0,3.1856148548571426,0,0,0,0,0,0,0,0,0,0,0,0,0,0,0,0,0
1,1,3,8.80099338415754,0,0,3.186652746285714,0,0,0,0,0,0,0,0,0,0,0,0,0,0,0,0,0
1,1,3,8.801206249326087,0,0,3.185725881142857,0,0,0,0,0,0,0,0,0,0,0,0,0,0,0,0,0
1,1,3,8.801391358065121,0,0,3.186421668571429,0,0,0,0,0,0,0,0,0,0,0,0,0,0,0,0,0
1,1,3,8.801604242997053,0,0,3.1862561508571425,0,0,0,0,0,0,0,0,0,0,0,0,0,0,0,0,0
1,1,3,8.801798625428969,0,0,3.1866951474285714,0,0,0,0,0,0,0,0,0,0,0,0,0,0,0,0,0
1,1,3,8.801993016675,0,0,3.1866951474285714,0,0,0,0,0,0,0,0,0,0,0,0,0,0,0,0,0
1,1,3,8.802196674101372,0,0,3.1862667085714285,0,0,0,0,0,0,0,0,0,0,0,0,0,0,0,0,0
1,1,3,8.802400341202626,0,0,3.1863538948571426,0,0,0,0,0,0,0,0,0,0,0,0,0,0,0,0,0
1,1,3,8.802604017979439,0,0,3.186259386285714,0,0,0,0,0,0,0,0,0,0,0,0,0,0,0,0,0
1,1,3,8.802798445747433,0,0,3.186775352,0,0,0,0,0,0,0,0,0,0,0,0,0,0,0,0,0
1,1,3,8.8029928823326,0,0,3.1861946777142856,0,0,0,0,0,0,0,0,0,0,0,0,0,0,0,0,0
1,1,3,8.80319658726039,0,0,3.1859089382857144,0,0,0,0,0,0,0,0,0,0,0,0,0,0,0,0,0
1,1,3,8.803391041901625,0,0,3.1851954411428567,0,0,0,0,0,0,0,0,0,0,0,0,0,0,0,0,0
1,1,3,8.803604026151358,0,0,3.186177819428571,0,0,0,0,0,0,0,0,0,0,0,0,0,0,0,0,0
1,1,3,8.803807760115902,0,0,3.186868838857142,0,0,0,0,0,0,0,0,0,0,0,0,0,0,0,0,0
1,1,3,8.80399298121117,0,0,3.1875688834285714,0,0,0,0,0,0,0,0,0,0,0,0,0,0,0,0,0
1,1,3,8.80419673365685,0,0,3.187234272,0,0,0,0,0,0,0,0,0,0,0,0,0,0,0,0,0
1,1,3,8.804400495784119,0,0,3.1876427874285715,0,0,0,0,0,0,0,0,0,0,0,0,0,0,0,0,0
1,1,3,8.804613530178708,0,0,3.1878083051428567,0,0,0,0,0,0,0,0,0,0,0,0,0,0,0,0,0
1,1,3,8.804798786080976,0,0,3.1892300205714283,0,0,0,0,0,0,0,0,0,0,0,0,0,0,0,0,0
1,1,3,8.805011840262306,0,0,3.1891714422857143,0,0,0,0,0,0,0,0,0,0,0,0,0,0,0,0,0
1,1,3,8.805197113371626,0,0,3.1887903428571422,0,0,0,0,0,0,0,0,0,0,0,0,0,0,0,0,0
1,1,3,8.80541018734243,0,0,3.1885778262857136,0,0,0,0,0,0,0,0,0,0,0,0,0,0,0,0,0
1,1,3,8.805604742387244,0,0,3.187508091428571,0,0,0,0,0,0,0,0,0,0,0,0,0,0,0,0,0
1,1,3,8.805799306257814,0,0,3.188917546285714,0,0,0,0,0,0,0,0,0,0,0,0,0,0,0,0,0
1,1,3,8.806003144541421,0,0,3.188816907428571,0,0,0,0,0,0,0,0,0,0,0,0,0,0,0,0,0
1,1,3,8.806206992512683,0,0,3.1892705485714283,0,0,0,0,0,0,0,0,0,0,0,0,0,0,0,0,0
1,1,3,8.806392317257409,0,0,3.1876346137142852,0,0,0,0,0,0,0,0,0,0,0,0,0,0,0,0,0
1,1,3,8.80659618372518,0,0,3.188484339428572,0,0,0,0,0,0,0,0,0,0,0,0,0,0,0,0,0
1,1,3,8.806790792574313,0,0,3.189435725714286,0,0,0,0,0,0,0,0,0,0,0,0,0,0,0,0,0
1,1,3,8.807003945730342,0,0,3.188580210285714,0,0,0,0,0,0,0,0,0,0,0,0,0,0,0,0,0
1,1,3,8.807198573079816,0,0,3.187223033142857,0,0,0,0,0,0,0,0,0,0,0,0,0,0,0,0,0
1,1,3,8.807393209259923,0,0,3.184691225142857,0,0,0,0,0,0,0,0,0,0,0,0,0,0,0,0,0
1,1,3,8.807597123301607,0,0,3.185772709714285,0,0,0,0,0,0,0,0,0,0,0,0,0,0,0,0,0
1,1,3,8.807791777565338,0,0,3.1848521451428566,0,0,0,0,0,0,0,0,0,0,0,0,0,0,0,0,0
1,1,3,8.807995710553081,0,0,3.183867893714285,0,0,0,0,0,0,0,0,0,0,0,0,0,0,0,0,0
1,1,3,8.808199653235171,0,0,3.182461163428571,0,0,0,0,0,0,0,0,0,0,0,0,0,0,0,0,0
1,1,3,8.808403605612288,0,0,3.1824291497142854,0,0,0,0,0,0,0,0,0,0,0,0,0,0,0,0,0
1,1,3,8.808598296471457,0,0,3.1843225565714284,0,0,0,0,0,0,0,0,0,0,0,0,0,0,0,0,0
1,1,3,8.808802267799928,0,0,3.183448139428571,0,0,0,0,0,0,0,0,0,0,0,0,0,0,0,0,0
1,1,3,8.808996976750276,0,0,3.184612212571428,0,0,0,0,0,0,0,0,0,0,0,0,0,0,0,0,0
1,1,3,8.809191694536759,0,0,3.184751676571428,0,0,0,0,0,0,0,0,0,0,0,0,0,0,0,0,0
1,1,3,8.809395694076743,0,0,3.1840065062857144,0,0,0,0,0,0,0,0,0,0,0,0,0,0,0,0,0
1,1,3,8.809599703315772,0,0,3.184965555428571,0,0,0,0,0,0,0,0,0,0,0,0,0,0,0,0,0
1,1,3,8.809822269911791,0,0,3.1978342171428573,0,0,0,0,0,0,0,0,0,0,0,0,0,0,0,0,0
1,1,3,8.809998476654211,0,0,3.1858922502857143,0,0,0,0,0,0,0,0,0,0,0,0,0,0,0,0,0
1,1,3,8.810193239893088,0,0,3.187618947428571,0,0,0,0,0,0,0,0,0,0,0,0,0,0,0,0,0
1,1,3,8.810397287053153,0,0,3.186637250285714,0,0,0,0,0,0,0,0,0,0,0,0,0,0,0,0,0
1,1,3,8.81060134391563,0,0,3.1870447440000005,0,0,0,0,0,0,0,0,0,0,0,0,0,0,0,0,0
1,1,3,8.810796134517716,0,0,3.1854598948571424,0,0,0,0,0,0,0,0,0,0,0,0,0,0,0,0,0
1,1,3,8.81100021034598,0,0,3.186975267428571,0,0,0,0,0,0,0,0,0,0,0,0,0,0,0,0,0
1,1,3,8.811204295878687,0,0,3.1879506639999997,0,0,0,0,0,0,0,0,0,0,0,0,0,0,0,0,0
1,1,3,8.811408391116514,0,0,3.1870803337142855,0,0,0,0,0,0,0,0,0,0,0,0,0,0,0,0,0
1,1,3,8.811603218352147,0,0,3.185371686857143,0,0,0,0,0,0,0,0,0,0,0,0,0,0,0,0,0
1,1,3,8.811798054431895,0,0,3.185597826285714,0,0,0,0,0,0,0,0,0,0,0,0,0,0,0,0,0
1,1,3,8.812002177906717,0,0,3.1853623211428572,0,0,0,0,0,0,0,0,0,0,0,0,0,0,0,0,0
1,1,3,8.812197032097702,0,0,3.1849015279999997,0,0,0,0,0,0,0,0,0,0,0,0,0,0,0,0,0
1,1,3,8.812401174547514,0,0,3.1843734720000003,0,0,0,0,0,0,0,0,0,0,0,0,0,0,0,0,0
1,1,3,8.812596046852242,0,0,3.1843264731428564,0,0,0,0,0,0,0,0,0,0,0,0,0,0,0,0,0
1,1,3,8.812800208279668,0,0,3.1826849188571424,0,0,0,0,0,0,0,0,0,0,0,0,0,0,0,0,0
1,1,3,8.812995098700641,0,0,3.183318892571428,0,0,0,0,0,0,0,0,0,0,0,0,0,0,0,0,0
1,1,3,8.813199279108302,0,0,3.1823354925714287,0,0,0,0,0,0,0,0,0,0,0,0,0,0,0,0,0
1,1,3,8.813403469227792,0,0,3.1837791748571425,0,0,0,0,0,0,0,0,0,0,0,0,0,0,0,0,0
1,1,3,8.81359838703854,0,0,3.182438004571428,0,0,0,0,0,0,0,0,0,0,0,0,0,0,0,0,0
1,1,3,8.813793313699518,0,0,3.1825067999999996,0,0,0,0,0,0,0,0,0,0,0,0,0,0,0,0,0
1,1,3,8.813997532075517,0,0,3.1819938994285715,0,0,0,0,0,0,0,0,0,0,0,0,0,0,0,0,0
1,1,3,8.814192476860251,0,0,3.1814169714285714,0,0,0,0,0,0,0,0,0,0,0,0,0,0,0,0,0
1,1,3,8.814396714224355,0,0,3.1825864937142856,0,0,0,0,0,0,0,0,0,0,0,0,0,0,0,0,0
1,1,3,8.81461024549336,0,0,3.182557204571428,0,0,0,0,0,0,0,0,0,0,0,0,0,0,0,0,0
1,1,3,8.814795933490183,0,0,3.1834166365714287,0,0,0,0,0,0,0,0,0,0,0,0,0,0,0,0,0
1,1,3,8.814990914529949,0,0,3.1844066777142856,0,0,0,0,0,0,0,0,0,0,0,0,0,0,0,0,0
1,1,3,8.815195189878136,0,0,3.183853419428572,0,0,0,0,0,0,0,0,0,0,0,0,0,0,0,0,0
1,1,3,8.815399474944872,0,0,3.1861469977142853,0,0,0,0,0,0,0,0,0,0,0,0,0,0,0,0,0
1,1,3,8.815603769730838,0,0,3.1857677714285706,0,0,0,0,0,0,0,0,0,0,0,0,0,0,0,0,0
1,1,3,8.815808074236726,0,0,3.1875917017142856,0,0,0,0,0,0,0,0,0,0,0,0,0,0,0,0,0
1,1,3,8.816003101242034,0,0,3.1876676491428566,0,0,0,0,0,0,0,0,0,0,0,0,0,0,0,0,0
1,1,3,8.816207424747933,0,0,3.1879266537142854,0,0,0,0,0,0,0,0,0,0,0,0,0,0,0,0,0
1,1,3,8.816402469890868,0,0,3.188131848,0,0,0,0,0,0,0,0,0,0,0,0,0,0,0,0,0
1,1,3,8.816606812399405,0,0,3.1873081759999997,0,0,0,0,0,0,0,0,0,0,0,0,0,0,0,0,0
1,1,3,8.816801875682476,0,0,3.189091237714286,0,0,0,0,0,0,0,0,0,0,0,0,0,0,0,0,0
1,1,3,8.817006237196276,0,0,3.1881699919999997,0,0,0,0,0,0,0,0,0,0,0,0,0,0,0,0,0
1,1,3,8.817192028829357,0,0,3.188532189714285,0,0,0,0,0,0,0,0,0,0,0,0,0,0,0,0,0
1,1,3,8.81740569914368,0,0,3.1884737817142854,0,0,0,0,0,0,0,0,0,0,0,0,0,0,0,0,0
1,1,3,8.817591508057832,0,0,3.1880315497142857,0,0,0,0,0,0,0,0,0,0,0,0,0,0,0,0,0
1,1,3,8.817795907147907,0,0,3.199312978285714,0,0,0,0,0,0,0,0,0,0,0,0,0,0,0,0,0
1,1,3,8.818000315965284,0,0,3.192900529142857,0,0,0,0,0,0,0,0,0,0,0,0,0,0,0,0,0
1,1,3,8.81819544254753,0,0,3.1878299314285705,0,0,0,0,0,0,0,0,0,0,0,0,0,0,0,0,0
1,1,3,8.818399870379338,0,0,3.189498220571429,0,0,0,0,0,0,0,0,0,0,0,0,0,0,0,0,0
1,1,3,8.81859501511298,0,0,3.189053945142857,0,0,0,0,0,0,0,0,0,0,0,0,0,0,0,0,0
1,1,3,8.81879946196185,0,0,3.1909691485714284,0,0,0,0,0,0,0,0,0,0,0,0,0,0,0,0,0
1,1,3,8.819003918541394,0,0,3.1933356091428573,0,0,0,0,0,0,0,0,0,0,0,0,0,0,0,0,0
1,1,3,8.819199090717959,0,0,3.191696268571428,0,0,0,0,0,0,0,0,0,0,0,0,0,0,0,0,0
1,1,3,8.81940356631854,0,0,3.192312702857142,0,0,0,0,0,0,0,0,0,0,0,0,0,0,0,0,0
1,1,3,8.819626641710226,0,0,3.1913209588571427,0,0,0,0,0,0,0,0,0,0,0,0,0,0,0,0,0
1,1,3,8.819793955855692,0,0,3.1917619988571424,0,0,0,0,0,0,0,0,0,0,0,0,0,0,0,0,0
1,1,3,8.82000775563536,0,0,3.1883867657142853,0,0,0,0,0,0,0,0,0,0,0,0,0,0,0,0,0
1,1,3,8.820212269728414,0,0,3.1862205611428567,0,0,0,0,0,0,0,0,0,0,0,0,0,0,0,0,0
1,1,3,8.820398200079273,0,0,3.181633915428571,0,0,0,0,0,0,0,0,0,0,0,0,0,0,0,0,0
1,1,3,8.82059343560755,0,0,3.178916155428571,0,0,0,0,0,0,0,0,0,0,0,0,0,0,0,0,0
1,1,3,8.820853763445745,0,0,3.1643538319999998,0,0,0,0,0,0,0,0,0,0,0,0,0,0,0,0,0
1,1,3,8.820993231275924,0,0,3.1634436548571423,0,0,0,0,0,0,0,0,0,0,0,0,0,0,0,0,0
1,1,3,8.821197792282407,0,0,3.1491142822857134,0,0,0,0,0,0,0,0,0,0,0,0,0,0,0,0,0
1,1,3,8.82140236302764,0,0,3.1436928960000006,0,0,0,0,0,0,0,0,0,0,0,0,0,0,0,0,0
1,1,3,8.821597644188081,0,0,3.1325686411428566,0,0,0,0,0,0,0,0,0,0,0,0,0,0,0,0,0
1,1,3,8.821811533737131,0,0,3.120070521142857,0,0,0,0,0,0,0,0,0,0,0,0,0,0,0,0,0
1,1,3,8.821997533303357,0,0,3.1050647737142856,0,0,0,0,0,0,0,0,0,0,0,0,0,0,0,0,0
1,1,3,8.82221144275733,0,0,3.0920118628571425,0,0,0,0,0,0,0,0,0,0,0,0,0,0,0,0,0
1,1,3,8.822406760688542,0,0,3.0770117348571424,0,0,0,0,0,0,0,0,0,0,0,0,0,0,0,0,0
1,1,3,8.822602087497001,0,0,3.0659835211428565,0,0,0,0,0,0,0,0,0,0,0,0,0,0,0,0,0
1,1,3,8.822797423183305,0,0,3.0589112148571425,0,0,0,0,0,0,0,0,0,0,0,0,0,0,0,0,0
1,1,3,8.823002070091652,0,0,3.045620074285714,0,0,0,0,0,0,0,0,0,0,0,0,0,0,0,0,0
1,1,3,8.823197423958273,0,0,3.027218489142857,0,0,0,0,0,0,0,0,0,0,0,0,0,0,0,0,0
1,1,3,8.823392786704567,0,0,3.0191263417142857,0,0,0,0,0,0,0,0,0,0,0,0,0,0,0,0,0
1,1,3,8.823606765615878,0,0,3.014000912,0,0,0,0,0,0,0,0,0,0,0,0,0,0,0,0,0
1,1,3,8.82380214696915,0,0,3.007680417142857,0,0,0,0,0,0,0,0,0,0,0,0,0,0,0,0,0
1,1,3,8.823997537203951,0,0,3.004348266285714,0,0,0,0,0,0,0,0,0,0,0,0,0,0,0,0,0
1,1,3,8.824202241262299,0,0,3.002953456,0,0,0,0,0,0,0,0,0,0,0,0,0,0,0,0,0
1,1,3,8.824406955069522,0,0,3.0014583474285708,0,0,0,0,0,0,0,0,0,0,0,0,0,0,0,0,0
1,1,3,8.824593066990989,0,0,3.0014583474285708,0,0,0,0,0,0,0,0,0,0,0,0,0,0,0,0,0
1,1,3,8.824797799411629,0,0,3.006607787428571,0,0,0,0,0,0,0,0,0,0,0,0,0,0,0,0,0
1,1,3,8.825002541583155,0,0,3.0091728011428565,0,0,0,0,0,0,0,0,0,0,0,0,0,0,0,0,0
1,1,3,8.825207293506258,0,0,3.016520118857142,0,0,0,0,0,0,0,0,0,0,0,0,0,0,0,0,0
1,1,3,8.825402747621172,0,0,3.0221792239999994,0,0,0,0,0,0,0,0,0,0,0,0,0,0,0,0,0
1,1,3,8.82560751860617,0,0,3.0334368125714284,0,0,0,0,0,0,0,0,0,0,0,0,0,0,0,0,0
1,1,3,8.825812299344786,0,0,3.0446431451428566,0,0,0,0,0,0,0,0,0,0,0,0,0,0,0,0,0
1,1,3,8.82600778096732,0,0,3.0657488674285713,0,0,0,0,0,0,0,0,0,0,0,0,0,0,0,0,0
1,1,3,8.826203271478159,0,0,3.0726490148571424,0,0,0,0,0,0,0,0,0,0,0,0,0,0,0,0,0
1,1,3,8.826398770877908,0,0,3.0843764217142855,0,0,0,0,0,0,0,0,0,0,0,0,0,0,0,0,0
1,1,3,8.826603589307444,0,0,3.0843764217142855,0,0,0,0,0,0,0,0,0,0,0,0,0,0,0,0,0
1,1,3,8.82680841749396,0,0,3.107678489142857,0,0,0,0,0,0,0,0,0,0,0,0,0,0,0,0,0
1,1,3,8.826994633403626,0,0,3.113815756571429,0,0,0,0,0,0,0,0,0,0,0,0,0,0,0,0,0
1,1,3,8.827199480219015,0,0,3.1209434057142857,0,0,0,0,0,0,0,0,0,0,0,0,0,0,0,0,0
1,1,3,8.827395024919195,0,0,3.12802048,0,0,0,0,0,0,0,0,0,0,0,0,0,0,0,0,0
1,1,3,8.827599890809614,0,0,3.1335699211428567,0,0,0,0,0,0,0,0,0,0,0,0,0,0,0,0,0
1,1,3,8.827804766460368,0,0,3.1362548159999997,0,0,0,0,0,0,0,0,0,0,0,0,0,0,0,0,0
1,1,3,8.827991025522262,0,0,3.1409133222857144,0,0,0,0,0,0,0,0,0,0,0,0,0,0,0,0,0
1,1,3,8.828205233416899,0,0,3.147142714285714,0,0,0,0,0,0,0,0,0,0,0,0,0,0,0,0,0
1,1,3,8.828400823856708,0,0,3.1499810365714285,0,0,0,0,0,0,0,0,0,0,0,0,0,0,0,0,0
1,1,3,8.828596423192176,0,0,3.151817738285714,0,0,0,0,0,0,0,0,0,0,0,0,0,0,0,0,0
1,1,3,8.82879203142391,0,0,3.153680153142857,0,0,0,0,0,0,0,0,0,0,0,0,0,0,0,0,0
1,1,3,8.8289969638758,0,0,3.156376627428571,0,0,0,0,0,0,0,0,0,0,0,0,0,0,0,0,0
1,1,3,8.829201906092743,0,0,3.157593829714286,0,0,0,0,0,0,0,0,0,0,0,0,0,0,0,0,0
1,1,3,8.829397541864346,0,0,3.158085444571429,0,0,0,0,0,0,0,0,0,0,0,0,0,0,0,0,0
1,1,3,8.829593186534675,0,0,3.1585191622857143,0,0,0,0,0,0,0,0,0,0,0,0,0,0,0,0,0
1,1,3,8.829798157162976,0,0,3.1580260148571426,0,0,0,0,0,0,0,0,0,0,0,0,0,0,0,0,0
1,1,3,8.829993820056389,0,0,3.1593324468571424,0,0,0,0,0,0,0,0,0,0,0,0,0,0,0,0,0
1,1,3,8.83019880977686,0,0,3.1597741679999993,0,0,0,0,0,0,0,0,0,0,0,0,0,0,0,0,0
1,1,3,8.830403809266437,0,0,3.1601154205714286,0,0,0,0,0,0,0,0,0,0,0,0,0,0,0,0,0
1,1,3,8.83059949971116,0,0,3.160838624,0,0,0,0,0,0,0,0,0,0,0,0,0,0,0,0,0
1,1,3,8.830804518296906,0,0,3.1586511337142857,0,0,0,0,0,0,0,0,0,0,0,0,0,0,0,0,0
1,1,3,8.83100022697105,0,0,3.1585004308571425,0,0,0,0,0,0,0,0,0,0,0,0,0,0,0,0,0
1,1,3,8.83119594454885,0,0,3.1589305725714283,0,0,0,0,0,0,0,0,0,0,0,0,0,0,0,0,0
1,1,3,8.831400991561694,0,0,3.1593540731428575,0,0,0,0,0,0,0,0,0,0,0,0,0,0,0,0,0
1,1,3,8.831596727372672,0,0,3.1579916171428573,0,0,0,0,0,0,0,0,0,0,0,0,0,0,0,0,0
1,1,3,8.831811114907577,0,0,3.1576782914285713,0,0,0,0,0,0,0,0,0,0,0,0,0,0,0,0,0
1,1,3,8.832006869378374,0,0,3.1572335051428575,0,0,0,0,0,0,0,0,0,0,0,0,0,0,0,0,0
1,1,3,8.832202632755926,0,0,3.155919580571428,0,0,0,0,0,0,0,0,0,0,0,0,0,0,0,0,0
1,1,3,8.832398405040838,0,0,3.1558046377142857,0,0,0,0,0,0,0,0,0,0,0,0,0,0,0,0,0
1,1,3,8.832594186233708,0,0,3.1572633051428576,0,0,0,0,0,0,0,0,0,0,0,0,0,0,0,0,0
1,1,3,8.832799299895523,0,0,3.159363949714286,0,0,0,0,0,0,0,0,0,0,0,0,0,0,0,0,0
1,1,3,8.83299509933038,0,0,3.1591063074285706,0,0,0,0,0,0,0,0,0,0,0,0,0,0,0,0,0
1,1,3,8.833190907675036,0,0,3.159247474285714,0,0,0,0,0,0,0,0,0,0,0,0,0,0,0,0,0
1,1,3,8.833396049783548,0,0,3.1611754491428568,0,0,0,0,0,0,0,0,0,0,0,0,0,0,0,0,0
1,1,3,8.833591876373953,0,0,3.162655061714286,0,0,0,0,0,0,0,0,0,0,0,0,0,0,0,0,0
1,1,3,8.833806363340987,0,0,3.1626560834285713,0,0,0,0,0,0,0,0,0,0,0,0,0,0,0,0,0
1,1,3,8.833992882437066,0,0,3.1720338880000005,0,0,0,0,0,0,0,0,0,0,0,0,0,0,0,0,0
1,1,3,8.834207389391722,0,0,3.170061979428571,0,0,0,0,0,0,0,0,0,0,0,0,0,0,0,0,0
1,1,3,8.834393925869547,0,0,3.1722504914285707,0,0,0,0,0,0,0,0,0,0,0,0,0,0,0,0,0
1,1,3,8.834599125333758,0,0,3.1718704137142857,0,0,0,0,0,0,0,0,0,0,0,0,0,0,0,0,0
1,1,3,8.834804334581943,0,0,3.172644192,0,0,0,0,0,0,0,0,0,0,0,0,0,0,0,0,0
1,1,3,8.835000225264652,0,0,3.171871776,0,0,0,0,0,0,0,0,0,0,0,0,0,0,0,0,0
1,1,3,8.835205453638057,0,0,3.1720865062857144,0,0,0,0,0,0,0,0,0,0,0,0,0,0,0,0,0
1,1,3,8.835410691797478,0,0,3.1716747554285716,0,0,0,0,0,0,0,0,0,0,0,0,0,0,0,0,0
1,1,3,8.835597280434994,0,0,3.171464452571428,0,0,0,0,0,0,0,0,0,0,0,0,0,0,0,0,0
1,1,3,8.835802537278745,0,0,3.1720587497142856,0,0,0,0,0,0,0,0,0,0,0,0,0,0,0,0,0
1,1,3,8.835998473396737,0,0,3.1721364000000003,0,0,0,0,0,0,0,0,0,0,0,0,0,0,0,0,0
1,1,3,8.836203749372302,0,0,3.1728292925714285,0,0,0,0,0,0,0,0,0,0,0,0,0,0,0,0,0
1,1,3,8.836399703753745,0,0,3.172179482285714,0,0,0,0,0,0,0,0,0,0,0,0,0,0,0,0,0
1,1,3,8.836595667055468,0,0,3.171842657142857,0,0,0,0,0,0,0,0,0,0,0,0,0,0,0,0,0
1,1,3,8.836800971511199,0,0,3.1708655577142855,0,0,0,0,0,0,0,0,0,0,0,0,0,0,0,0,0
1,1,3,8.837006285758346,0,0,3.1683763211428575,0,0,0,0,0,0,0,0,0,0,0,0,0,0,0,0,0
1,1,3,8.837192943571198,0,0,3.169815746285714,0,0,0,0,0,0,0,0,0,0,0,0,0,0,0,0,0
1,1,3,8.837398276512973,0,0,3.1699814342857136,0,0,0,0,0,0,0,0,0,0,0,0,0,0,0,0,0
1,1,3,8.837594285275017,0,0,3.1697702799999994,0,0,0,0,0,0,0,0,0,0,0,0,0,0,0,0,0
1,1,3,8.837799637359149,0,0,3.168495691428571,0,0,0,0,0,0,0,0,0,0,0,0,0,0,0,0,0
1,1,3,8.837995664394711,0,0,3.168495691428571,0,0,0,0,0,0,0,0,0,0,0,0,0,0,0,0,0
1,1,3,8.838201035623854,0,0,3.1671259131428573,0,0,0,0,0,0,0,0,0,0,0,0,0,0,0,0,0
1,1,3,8.838387745242029,0,0,3.1667151840000005,0,0,0,0,0,0,0,0,0,0,0,0,0,0,0,0,0
1,1,3,8.838602471312274,0,0,3.1681810034285713,0,0,0,0,0,0,0,0,0,0,0,0,0,0,0,0,0
1,1,3,8.838807871486589,0,0,3.168755206857143,0,0,0,0,0,0,0,0,0,0,0,0,0,0,0,0,0
1,1,3,8.839013281459104,0,0,3.1705789668571427,0,0,0,0,0,0,0,0,0,0,0,0,0,0,0,0,0
1,1,3,8.83920002630091,0,0,3.1685135714285715,0,0,0,0,0,0,0,0,0,0,0,0,0,0,0,0,0
1,1,3,8.839414792881138,0,0,3.170501827428571,0,0,0,0,0,0,0,0,0,0,0,0,0,0,0,0,0
1,1,3,8.839592216830862,0,0,3.1707623645714285,0,0,0,0,0,0,0,0,0,0,0,0,0,0,0,0,0
1,1,3,8.839807002971702,0,0,3.1684979051428566,0,0,0,0,0,0,0,0,0,0,0,0,0,0,0,0,0
1,1,3,8.83999378223694,0,0,3.169387818285714,0,0,0,0,0,0,0,0,0,0,0,0,0,0,0,0,0
1,1,3,8.840199248785378,0,0,3.1708177074285717,0,0,0,0,0,0,0,0,0,0,0,0,0,0,0,0,0
1,1,3,8.8403953850899,0,0,3.170271771428571,0,0,0,0,0,0,0,0,0,0,0,0,0,0,0,0,0
1,1,3,8.84059153032701,0,0,3.168752993142857,0,0,0,0,0,0,0,0,0,0,0,0,0,0,0,0,0
1,1,3,8.840806366312801,0,0,3.1705799885714288,0,0,0,0,0,0,0,0,0,0,0,0,0,0,0,0,0
1,1,3,8.841002530267783,0,0,3.1688248537142862,0,0,0,0,0,0,0,0,0,0,0,0,0,0,0,0,0
1,1,3,8.841198703157232,0,0,3.168975726857142,0,0,0,0,0,0,0,0,0,0,0,0,0,0,0,0,0
1,1,3,8.84139488498175,0,0,3.1691034411428567,0,0,0,0,0,0,0,0,0,0,0,0,0,0,0,0,0
1,1,3,8.84160041838199,0,0,3.1668709954285714,0,0,0,0,0,0,0,0,0,0,0,0,0,0,0,0,0
1,1,3,8.841796618504015,0,0,3.1660692902857135,0,0,0,0,0,0,0,0,0,0,0,0,0,0,0,0,0
1,1,3,8.842002171074402,0,0,3.1650848685714275,0,0,0,0,0,0,0,0,0,0,0,0,0,0,0,0,0
1,1,3,8.84219838949647,0,0,3.1631928240000002,0,0,0,0,0,0,0,0,0,0,0,0,0,0,0,0,0
1,1,3,8.842394616856692,0,0,3.1654909999999994,0,0,0,0,0,0,0,0,0,0,0,0,0,0,0,0,0
1,1,3,8.842590853155672,0,0,3.162783457142857,0,0,0,0,0,0,0,0,0,0,0,0,0,0,0,0,0
1,1,3,8.842805788882963,0,0,3.1631633645714285,0,0,0,0,0,0,0,0,0,0,0,0,0,0,0,0,0
1,1,3,8.843011389613345,0,0,3.1623585942857133,0,0,0,0,0,0,0,0,0,0,0,0,0,0,0,0,0
1,1,3,8.843198307883133,0,0,3.160697457142857,0,0,0,0,0,0,0,0,0,0,0,0,0,0,0,0,0
1,1,3,8.843403927346934,0,0,3.1606610159999993,0,0,0,0,0,0,0,0,0,0,0,0,0,0,0,0,0
1,1,3,8.843609556624488,0,0,3.1600745519999998,0,0,0,0,0,0,0,0,0,0,0,0,0,0,0,0,0
1,1,3,8.843796500848011,0,0,3.159741643428571,0,0,0,0,0,0,0,0,0,0,0,0,0,0,0,0,0
1,1,3,8.84399280101287,0,0,3.1605208708571424,0,0,0,0,0,0,0,0,0,0,0,0,0,0,0,0,0
1,1,3,8.844207806693468,0,0,3.1598041382857143,0,0,0,0,0,0,0,0,0,0,0,0,0,0,0,0,0
1,1,3,8.844404125598182,0,0,3.1607195942857134,0,0,0,0,0,0,0,0,0,0,0,0,0,0,0,0,0
1,1,3,8.844591104299788,0,0,3.1622722594285713,0,0,0,0,0,0,0,0,0,0,0,0,0,0,0,0,0
1,1,3,8.844796790243088,0,0,3.164910666285714,0,0,0,0,0,0,0,0,0,0,0,0,0,0,0,0,0
1,1,3,8.845011836045515,0,0,3.1642085782857134,0,0,0,0,0,0,0,0,0,0,0,0,0,0,0,0,0
1,1,3,8.845198841119092,0,0,3.161847056,0,0,0,0,0,0,0,0,0,0,0,0,0,0,0,0,0
1,1,3,8.845404556073527,0,0,3.165323098285714,0,0,0,0,0,0,0,0,0,0,0,0,0,0,0,0,0
1,1,3,8.845591578190396,0,0,3.165323098285714,0,0,0,0,0,0,0,0,0,0,0,0,0,0,0,0,0
1,1,3,8.84579731189372,0,0,3.1642313965714277,0,0,0,0,0,0,0,0,0,0,0,0,0,0,0,0,0
1,1,3,8.846003055418906,0,0,3.165948557714285,0,0,0,0,0,0,0,0,0,0,0,0,0,0,0,0,0
1,1,3,8.846199456128652,0,0,3.1658513245714284,0,0,0,0,0,0,0,0,0,0,0,0,0,0,0,0,0
1,1,3,8.846395865788896,0,0,3.165149917714285,0,0,0,0,0,0,0,0,0,0,0,0,0,0,0,0,0
1,1,3,8.846601637890732,0,0,3.1626722605714286,0,0,0,0,0,0,0,0,0,0,0,0,0,0,0,0,0
1,1,3,8.846807419817157,0,0,3.162514746285715,0,0,0,0,0,0,0,0,0,0,0,0,0,0,0,0,0
1,1,3,8.847003857185172,0,0,3.1637954651428566,0,0,0,0,0,0,0,0,0,0,0,0,0,0,0,0,0
1,1,3,8.84720030350617,0,0,3.163243058285714,0,0,0,0,0,0,0,0,0,0,0,0,0,0,0,0,0
1,1,3,8.847406114017174,0,0,3.1621804754285714,0,0,0,0,0,0,0,0,0,0,0,0,0,0,0,0,0
1,1,3,8.847602578672364,0,0,3.164696957714285,0,0,0,0,0,0,0,0,0,0,0,0,0,0,0,0,0
1,1,3,8.847808408391948,0,0,3.164968393142857,0,0,0,0,0,0,0,0,0,0,0,0,0,0,0,0,0
1,1,3,8.847995534847843,0,0,3.165538509714285,0,0,0,0,0,0,0,0,0,0,0,0,0,0,0,0,0
1,1,3,8.84820138333187,0,0,3.166627146285714,0,0,0,0,0,0,0,0,0,0,0,0,0,0,0,0,0
1,1,3,8.848407241645909,0,0,3.1678055234285716,0,0,0,0,0,0,0,0,0,0,0,0,0,0,0,0,0
1,1,3,8.848603751934428,0,0,3.167672700571429,0,0,0,0,0,0,0,0,0,0,0,0,0,0,0,0,0
1,1,3,8.848809629463679,0,0,3.167110587428571,0,0,0,0,0,0,0,0,0,0,0,0,0,0,0,0,0
1,1,3,8.848996799385848,0,0,3.1693052297142854,0,0,0,0,0,0,0,0,0,0,0,0,0,0,0,0,0
1,1,3,8.849202695686019,0,0,3.168156312,0,0,0,0,0,0,0,0,0,0,0,0,0,0,0,0,0
1,1,3,8.849408601819594,0,0,3.1689185108571425,0,0,0,0,0,0,0,0,0,0,0,0,0,0,0,0,0
1,1,3,8.849605157757203,0,0,3.167597093714285,0,0,0,0,0,0,0,0,0,0,0,0,0,0,0,0,0
1,1,3,8.849792362219356,0,0,3.168346180571429,0,0,0,0,0,0,0,0,0,0,0,0,0,0,0,0,0
1,1,3,8.850007657399638,0,0,3.1687007154285713,0,0,0,0,0,0,0,0,0,0,0,0,0,0,0,0,0
1,1,3,8.850204240648914,0,0,3.168735794285714,0,0,0,0,0,0,0,0,0,0,0,0,0,0,0,0,0
1,1,3,8.850400832861055,0,0,3.167819316571428,0,0,0,0,0,0,0,0,0,0,0,0,0,0,0,0,0
1,1,3,8.850606796221006,0,0,3.1725307817142854,0,0,0,0,0,0,0,0,0,0,0,0,0,0,0,0,0
1,1,3,8.850794044176375,0,0,3.171150275428571,0,0,0,0,0,0,0,0,0,0,0,0,0,0,0,0,0
1,1,3,8.851009389377326,0,0,3.1703070205714283,0,0,0,0,0,0,0,0,0,0,0,0,0,0,0,0,0
1,1,3,8.851206018300887,0,0,3.1680713394285713,0,0,0,0,0,0,0,0,0,0,0,0,0,0,0,0,0
1,1,3,8.851402656190416,0,0,3.1686508217142864,0,0,0,0,0,0,0,0,0,0,0,0,0,0,0,0,0
1,1,3,8.851599303046513,0,0,3.169057804571428,0,0,0,0,0,0,0,0,0,0,0,0,0,0,0,0,0
1,1,3,8.851814688463516,0,0,3.1701403108571427,0,0,0,0,0,0,0,0,0,0,0,0,0,0,0,0,0
1,1,3,8.851992623660859,0,0,3.171029372571429,0,0,0,0,0,0,0,0,0,0,0,0,0,0,0,0,0
1,1,3,8.85219866306115,0,0,3.1702087657142854,0,0,0,0,0,0,0,0,0,0,0,0,0,0,0,0,0
1,1,3,8.852395346216728,0,0,3.170716557714286,0,0,0,0,0,0,0,0,0,0,0,0,0,0,0,0,0
1,1,3,8.852601404857365,0,0,3.171118432,0,0,0,0,0,0,0,0,0,0,0,0,0,0,0,0,0
1,1,3,8.852798106380005,0,0,3.1704548285714287,0,0,0,0,0,0,0,0,0,0,0,0,0,0,0,0,0
1,1,3,8.853004184263659,0,0,3.1697251542857137,0,0,0,0,0,0,0,0,0,0,0,0,0,0,0,0,0
1,1,3,8.853191536338544,0,0,3.1696817314285712,0,0,0,0,0,0,0,0,0,0,0,0,0,0,0,0,0
1,1,3,8.85340700128525,0,0,3.1700599360000004,0,0,0,0,0,0,0,0,0,0,0,0,0,0,0,0,0
1,1,3,8.853594370857403,0,0,3.1702397577142856,0,0,0,0,0,0,0,0,0,0,0,0,0,0,0,0,0
1,1,3,8.85379111766787,0,0,3.1705454205714285,0,0,0,0,0,0,0,0,0,0,0,0,0,0,0,0,0
1,1,3,8.853997242999212,0,0,3.169933584,0,0,0,0,0,0,0,0,0,0,0,0,0,0,0,0,0
1,1,3,8.854212748195218,0,0,3.17044376,0,0,0,0,0,0,0,0,0,0,0,0,0,0,0,0,0
1,1,3,8.854390782347142,0,0,3.1700408639999997,0,0,0,0,0,0,0,0,0,0,0,0,0,0,0,0,0
1,1,3,8.854596936334008,0,0,3.1700025497142854,0,0,0,0,0,0,0,0,0,0,0,0,0,0,0,0,0
1,1,3,8.85481247149024,0,0,3.1708687931428563,0,0,0,0,0,0,0,0,0,0,0,0,0,0,0,0,0
1,1,3,8.855009273863546,0,0,3.1683073554285714,0,0,0,0,0,0,0,0,0,0,0,0,0,0,0,0,0
1,1,3,8.85520608521458,0,0,3.169112636571429,0,0,0,0,0,0,0,0,0,0,0,0,0,0,0,0,0
1,1,3,8.855402905543947,0,0,3.169947206857143,0,0,0,0,0,0,0,0,0,0,0,0,0,0,0,0,0
1,1,3,8.855609107900436,0,0,3.1689351988571426,0,0,0,0,0,0,0,0,0,0,0,0,0,0,0,0,0
1,1,3,8.855796573140118,0,0,3.168974364571428,0,0,0,0,0,0,0,0,0,0,0,0,0,0,0,0,0
1,1,3,8.856002794311573,0,0,3.1698395862857143,0,0,0,0,0,0,0,0,0,0,0,0,0,0,0,0,0
1,1,3,8.856209025339504,0,0,3.168371042285714,0,0,0,0,0,0,0,0,0,0,0,0,0,0,0,0,0
1,1,3,8.856396516645901,0,0,3.1701987188571428,0,0,0,0,0,0,0,0,0,0,0,0,0,0,0,0,0
1,1,3,8.856612141719962,0,0,3.1667788708571427,0,0,0,0,0,0,0,0,0,0,0,0,0,0,0,0,0
1,1,3,8.856799650542959,0,0,3.1662448548571427,0,0,0,0,0,0,0,0,0,0,0,0,0,0,0,0,0
1,1,3,8.856996543576491,0,0,3.1668997737142854,0,0,0,0,0,0,0,0,0,0,0,0,0,0,0,0,0
1,1,3,8.857193445593898,0,0,3.165443319999999,0,0,0,0,0,0,0,0,0,0,0,0,0,0,0,0,0
1,1,3,8.857427864471989,0,0,3.166109137142857,0,0,0,0,0,0,0,0,0,0,0,0,0,0,0,0,0
1,1,3,8.857596653949132,0,0,3.168102501714286,0,0,0,0,0,0,0,0,0,0,0,0,0,0,0,0,0
1,1,3,8.857793583349721,0,0,3.1663204617142857,0,0,0,0,0,0,0,0,0,0,0,0,0,0,0,0,0
1,1,3,8.857999899979234,0,0,3.166352645714286,0,0,0,0,0,0,0,0,0,0,0,0,0,0,0,0,0
1,1,3,8.858196847781079,0,0,3.1660422148571428,0,0,0,0,0,0,0,0,0,0,0,0,0,0,0,0,0
1,1,3,8.858393804570511,0,0,3.1657678845714288,0,0,0,0,0,0,0,0,0,0,0,0,0,0,0,0,0
1,1,3,8.858600149895091,0,0,3.1667970914285704,0,0,0,0,0,0,0,0,0,0,0,0,0,0,0,0,0
1,1,3,8.858797125089584,0,0,3.1696730468571426,0,0,0,0,0,0,0,0,0,0,0,0,0,0,0,0,0
1,1,3,8.858994109273523,0,0,3.1695126377142855,0,0,0,0,0,0,0,0,0,0,0,0,0,0,0,0,0
1,1,3,8.85919110244752,0,0,3.1706605337142855,0,0,0,0,0,0,0,0,0,0,0,0,0,0,0,0,0
1,1,3,8.859397485891908,0,0,3.1716803748571425,0,0,0,0,0,0,0,0,0,0,0,0,0,0,0,0,0
1,1,3,8.859594497476019,0,0,3.1727535154285715,0,0,0,0,0,0,0,0,0,0,0,0,0,0,0,0,0
1,1,3,8.859791518052045,0,0,3.172826908571428,0,0,0,0,0,0,0,0,0,0,0,0,0,0,0,0,0
1,1,3,8.86001669543594,0,0,3.172567563428571,0,0,0,0,0,0,0,0,0,0,0,0,0,0,0,0,0
1,1,3,8.86021373528241,0,0,3.175512144,0,0,0,0,0,0,0,0,0,0,0,0,0,0,0,0,0
1,1,3,8.860401400640654,0,0,3.172107110857143,0,0,0,0,0,0,0,0,0,0,0,0,0,0,0,0,0
1,1,3,8.860607841957464,0,0,3.172119541714286,0,0,0,0,0,0,0,0,0,0,0,0,0,0,0,0,0
1,1,3,8.860795524448536,0,0,3.1745948148571435,0,0,0,0,0,0,0,0,0,0,0,0,0,0,0,0,0
1,1,3,8.861011369400245,0,0,3.1718114948571423,0,0,0,0,0,0,0,0,0,0,0,0,0,0,0,0,0
1,1,3,8.861199069434477,0,0,3.173267437714285,0,0,0,0,0,0,0,0,0,0,0,0,0,0,0,0,0
1,1,3,8.861405548897464,0,0,3.171253128,0,0,0,0,0,0,0,0,0,0,0,0,0,0,0,0,0
1,1,3,8.86159326606923,0,0,3.173149259428572,0,0,0,0,0,0,0,0,0,0,0,0,0,0,0,0,0
1,1,3,8.861799764384784,0,0,3.172057898285714,0,0,0,0,0,0,0,0,0,0,0,0,0,0,0,0,0
1,1,3,8.861996885626256,0,0,3.173189446857143,0,0,0,0,0,0,0,0,0,0,0,0,0,0,0,0,0
1,1,3,8.862203403245898,0,0,3.1727194582857146,0,0,0,0,0,0,0,0,0,0,0,0,0,0,0,0,0
1,1,3,8.862391155107888,0,0,3.1731003874285713,0,0,0,0,0,0,0,0,0,0,0,0,0,0,0,0,0
1,1,3,8.862597691585275,0,0,3.1732473440000004,0,0,0,0,0,0,0,0,0,0,0,0,0,0,0,0,0
1,1,3,8.86280423794155,0,0,3.1720359314285713,0,0,0,0,0,0,0,0,0,0,0,0,0,0,0,0,0
1,1,3,8.863001405043264,0,0,3.1739417691428566,0,0,0,0,0,0,0,0,0,0,0,0,0,0,0,0,0
1,1,3,8.863198581147447,0,0,3.171993530285714,0,0,0,0,0,0,0,0,0,0,0,0,0,0,0,0,0
1,1,3,8.863395766254712,0,0,3.1716740742857144,0,0,0,0,0,0,0,0,0,0,0,0,0,0,0,0,0
1,1,3,8.86359296036567,0,0,3.171465814857143,0,0,0,0,0,0,0,0,0,0,0,0,0,0,0,0,0
1,1,3,8.86379016348093,0,0,3.1718179657142858,0,0,0,0,0,0,0,0,0,0,0,0,0,0,0,0,0
1,1,3,8.86399676687907,0,0,3.173225036571428,0,0,0,0,0,0,0,0,0,0,0,0,0,0,0,0,0
1,1,3,8.864203380160857,0,0,3.171202553142856,0,0,0,0,0,0,0,0,0,0,0,0,0,0,0,0,0
1,1,3,8.864400611150455,0,0,3.1716083439999996,0,0,0,0,0,0,0,0,0,0,0,0,0,0,0,0,0
1,1,3,8.864607243752308,0,0,3.1713958274285714,0,0,0,0,0,0,0,0,0,0,0,0,0,0,0,0,0
1,1,3,8.86479510015068,0,0,3.1706593417142854,0,0,0,0,0,0,0,0,0,0,0,0,0,0,0,0,0
1,1,3,8.864992358162532,0,0,3.171285822857143,0,0,0,0,0,0,0,0,0,0,0,0,0,0,0,0,0
1,1,3,8.865199019075382,0,0,3.1712555119999997,0,0,0,0,0,0,0,0,0,0,0,0,0,0,0,0,0
1,1,3,8.865405689875972,0,0,3.1726915314285713,0,0,0,0,0,0,0,0,0,0,0,0,0,0,0,0,0
1,1,3,8.865612370565003,0,0,3.173280209142857,0,0,0,0,0,0,0,0,0,0,0,0,0,0,0,0,0
1,1,3,8.865800270681955,0,0,3.1728561977142853,0,0,0,0,0,0,0,0,0,0,0,0,0,0,0,0,0
1,1,3,8.866006970250872,0,0,3.172796767999999,0,0,0,0,0,0,0,0,0,0,0,0,0,0,0,0,0
1,1,3,8.866204283611184,0,0,3.173784936,0,0,0,0,0,0,0,0,0,0,0,0,0,0,0,0,0
1,1,3,8.866401605983894,0,0,3.1735441520000003,0,0,0,0,0,0,0,0,0,0,0,0,0,0,0,0,0
1,1,3,8.866608334327093,0,0,3.1745229542857136,0,0,0,0,0,0,0,0,0,0,0,0,0,0,0,0,0
1,1,3,8.866805675155673,0,0,3.17337608,0,0,0,0,0,0,0,0,0,0,0,0,0,0,0,0,0
1,1,3,8.867012422834938,0,0,3.1865854834285714,0,0,0,0,0,0,0,0,0,0,0,0,0,0,0,0,0
1,1,3,8.867200383856238,0,0,3.1851196639999992,0,0,0,0,0,0,0,0,0,0,0,0,0,0,0,0,0
1,1,3,8.867407150424487,0,0,3.1848000377142855,0,0,0,0,0,0,0,0,0,0,0,0,0,0,0,0,0
1,1,3,8.867595128618758,0,0,3.185977903999999,0,0,0,0,0,0,0,0,0,0,0,0,0,0,0,0,0
1,1,3,8.867801914078559,0,0,3.1847579771428576,0,0,0,0,0,0,0,0,0,0,0,0,0,0,0,0,0
1,1,3,8.867989909448134,0,0,3.1869941691428574,0,0,0,0,0,0,0,0,0,0,0,0,0,0,0,0,0
1,1,3,8.86819671380205,0,0,3.185956788571428,0,0,0,0,0,0,0,0,0,0,0,0,0,0,0,0,0
1,1,3,8.868403528053909,0,0,3.186019283428571,0,0,0,0,0,0,0,0,0,0,0,0,0,0,0,0,0
1,1,3,8.86859154959986,0,0,3.1855421428571424,0,0,0,0,0,0,0,0,0,0,0,0,0,0,0,0,0
1,1,3,8.868798382749747,0,0,3.186330736,0,0,0,0,0,0,0,0,0,0,0,0,0,0,0,0,0
1,1,3,8.869005225799626,0,0,3.1865711794285714,0,0,0,0,0,0,0,0,0,0,0,0,0,0,0,0,0
1,1,3,8.869202676128557,0,0,3.1863116639999993,0,0,0,0,0,0,0,0,0,0,0,0,0,0,0,0,0
1,1,3,8.869390732448387,0,0,3.1863116639999993,0,0,0,0,0,0,0,0,0,0,0,0,0,0,0,0,0
1,1,3,8.869597603852139,0,0,3.184263297142857,0,0,0,0,0,0,0,0,0,0,0,0,0,0,0,0,0
1,1,3,8.869795081248013,0,0,3.184263297142857,0,0,0,0,0,0,0,0,0,0,0,0,0,0,0,0,0
1,1,3,8.869992567667428,0,0,3.184144778285714,0,0,0,0,0,0,0,0,0,0,0,0,0,0,0,0,0
1,1,3,8.87019946788103,0,0,3.183279726857143,0,0,0,0,0,0,0,0,0,0,0,0,0,0,0,0,0
1,1,3,8.870396972779128,0,0,3.1849658960000005,0,0,0,0,0,0,0,0,0,0,0,0,0,0,0,0,0
1,1,3,8.870594486702636,0,0,3.1862360571428567,0,0,0,0,0,0,0,0,0,0,0,0,0,0,0,0,0
1,1,3,8.870801415732053,0,0,3.1842995679999992,0,0,0,0,0,0,0,0,0,0,0,0,0,0,0,0,0
1,1,3,8.871008354668287,0,0,3.1862416765714285,0,0,0,0,0,0,0,0,0,0,0,0,0,0,0,0,0
1,1,3,8.871205896531468,0,0,3.183189475428571,0,0,0,0,0,0,0,0,0,0,0,0,0,0,0,0,0
1,1,3,8.871403447422571,0,0,3.1834767474285712,0,0,0,0,0,0,0,0,0,0,0,0,0,0,0,0,0
1,1,3,8.871610415182635,0,0,3.1840437988571426,0,0,0,0,0,0,0,0,0,0,0,0,0,0,0,0,0
1,1,3,8.871807984561393,0,0,3.1840191074285715,0,0,0,0,0,0,0,0,0,0,0,0,0,0,0,0,0
1,1,3,8.872005562969935,0,0,3.1828969245714283,0,0,0,0,0,0,0,0,0,0,0,0,0,0,0,0,0
1,1,3,8.872203150408883,0,0,3.184062019428571,0,0,0,0,0,0,0,0,0,0,0,0,0,0,0,0,0
1,1,3,8.872400746878847,0,0,3.1826849188571424,0,0,0,0,0,0,0,0,0,0,0,0,0,0,0,0,0
1,1,3,8.872598352380441,0,0,3.1811320834285715,0,0,0,0,0,0,0,0,0,0,0,0,0,0,0,0,0
1,1,3,8.872795966914277,0,0,3.181016289142857,0,0,0,0,0,0,0,0,0,0,0,0,0,0,0,0,0
1,1,3,8.873003001352323,0,0,3.1819640994285714,0,0,0,0,0,0,0,0,0,0,0,0,0,0,0,0,0
1,1,3,8.873191223081136,0,0,3.181689939428572,0,0,0,0,0,0,0,0,0,0,0,0,0,0,0,0,0
1,1,3,8.87339827644713,0,0,3.1788161977142857,0,0,0,0,0,0,0,0,0,0,0,0,0,0,0,0,0
1,1,3,8.873595927546319,0,0,3.177171067428571,0,0,0,0,0,0,0,0,0,0,0,0,0,0,0,0,0
1,1,3,8.873793587680849,0,0,3.1758593565714284,0,0,0,0,0,0,0,0,0,0,0,0,0,0,0,0,0
1,1,3,8.874000669894375,0,0,3.1751238925714285,0,0,0,0,0,0,0,0,0,0,0,0,0,0,0,0,0
1,1,3,8.874207762025621,0,0,3.173919291428571,0,0,0,0,0,0,0,0,0,0,0,0,0,0,0,0,0
1,1,3,8.874396036206361,0,0,3.1709845874285714,0,0,0,0,0,0,0,0,0,0,0,0,0,0,0,0,0
1,1,3,8.874603147273397,0,0,3.1696970571428573,0,0,0,0,0,0,0,0,0,0,0,0,0,0,0,0,0
1,1,3,8.874800853454683,0,0,3.1705292434285712,0,0,0,0,0,0,0,0,0,0,0,0,0,0,0,0,0
1,1,3,8.874998568675057,0,0,3.1698697268571423,0,0,0,0,0,0,0,0,0,0,0,0,0,0,0,0,0
1,1,3,8.875205708601577,0,0,3.1723785462857137,0,0,0,0,0,0,0,0,0,0,0,0,0,0,0,0,0
1,1,3,8.875394026235519,0,0,3.1767685119999998,0,0,0,0,0,0,0,0,0,0,0,0,0,0,0,0,0
1,1,3,8.875601185104324,0,0,3.177091884571428,0,0,0,0,0,0,0,0,0,0,0,0,0,0,0,0,0
1,1,3,8.875808353896307,0,0,3.176812275428571,0,0,0,0,0,0,0,0,0,0,0,0,0,0,0,0,0
1,1,3,8.875996697773363,0,0,3.178186140571429,0,0,0,0,0,0,0,0,0,0,0,0,0,0,0,0,0
1,1,3,8.876203885511558,0,0,3.180160433142857,0,0,0,0,0,0,0,0,0,0,0,0,0,0,0,0,0
1,1,3,8.876401664884046,0,0,3.1792102388571424,0,0,0,0,0,0,0,0,0,0,0,0,0,0,0,0,0
1,1,3,8.876599453300594,0,0,3.1799717565714283,0,0,0,0,0,0,0,0,0,0,0,0,0,0,0,0,0
1,1,3,8.876797250761818,0,0,3.178042930285714,0,0,0,0,0,0,0,0,0,0,0,0,0,0,0,0,0
1,1,3,8.876995057268333,0,0,3.179639529142857,0,0,0,0,0,0,0,0,0,0,0,0,0,0,0,0,0
1,1,3,8.877192872820755,0,0,3.1779656205714284,0,0,0,0,0,0,0,0,0,0,0,0,0,0,0,0,0
1,1,3,8.877390697419695,0,0,3.1766040159999998,0,0,0,0,0,0,0,0,0,0,0,0,0,0,0,0,0
1,1,3,8.877597951941263,0,0,3.175705418285714,0,0,0,0,0,0,0,0,0,0,0,0,0,0,0,0,0
1,1,3,8.877795795065952,0,0,3.1737365748571427,0,0,0,0,0,0,0,0,0,0,0,0,0,0,0,0,0
1,1,3,8.877993647239038,0,0,3.1735506228571424,0,0,0,0,0,0,0,0,0,0,0,0,0,0,0,0,0
1,1,3,8.87821035285901,0,0,3.1726584959999995,0,0,0,0,0,0,0,0,0,0,0,0,0,0,0,0,0
1,1,3,8.878408223992635,0,0,3.172296638857143,0,0,0,0,0,0,0,0,0,0,0,0,0,0,0,0,0
1,1,3,8.878615527268211,0,0,3.1712304799999997,0,0,0,0,0,0,0,0,0,0,0,0,0,0,0,0,0
1,1,3,8.878803993411394,0,0,3.1736277622857143,0,0,0,0,0,0,0,0,0,0,0,0,0,0,0,0,0
1,1,3,8.878992467764581,0,0,3.1731410857142857,0,0,0,0,0,0,0,0,0,0,0,0,0,0,0,0,0
1,1,3,8.879209223421055,0,0,3.1748115885714276,0,0,0,0,0,0,0,0,0,0,0,0,0,0,0,0,0
1,1,3,8.879397715427553,0,0,3.177542801142857,0,0,0,0,0,0,0,0,0,0,0,0,0,0,0,0,0
1,1,3,8.879605066119213,0,0,3.177296738285714,0,0,0,0,0,0,0,0,0,0,0,0,0,0,0,0,0
1,1,3,8.879803001049018,0,0,3.176678941714286,0,0,0,0,0,0,0,0,0,0,0,0,0,0,0,0,0
1,1,3,8.87999151892411,0,0,3.176905932571429,0,0,0,0,0,0,0,0,0,0,0,0,0,0,0,0,0
1,1,3,8.880198898073157,0,0,3.1769057622857138,0,0,0,0,0,0,0,0,0,0,0,0,0,0,0,0,0
1,1,3,8.880396860168723,0,0,3.1778598731428573,0,0,0,0,0,0,0,0,0,0,0,0,0,0,0,0,0
1,1,3,8.880604258744402,0,0,3.1780587668571423,0,0,0,0,0,0,0,0,0,0,0,0,0,0,0,0,0
1,1,3,8.880802239384861,0,0,3.178181883428571,0,0,0,0,0,0,0,0,0,0,0,0,0,0,0,0,0
1,1,3,8.880990800796804,0,0,3.178397465142857,0,0,0,0,0,0,0,0,0,0,0,0,0,0,0,0,0
1,1,3,8.88124537173593,0,0,3.178975925714286,0,0,0,0,0,0,0,0,0,0,0,0,0,0,0,0,0
1,1,3,8.881396235655192,0,0,3.181255881142857,0,0,0,0,0,0,0,0,0,0,0,0,0,0,0,0,0
1,1,3,8.881594252530336,0,0,3.178847189714286,0,0,0,0,0,0,0,0,0,0,0,0,0,0,0,0,0
1,1,3,8.881801708498141,0,0,3.1773255165714285,0,0,0,0,0,0,0,0,0,0,0,0,0,0,0,0,0
1,1,3,8.882009174410289,0,0,3.1779596605714286,0,0,0,0,0,0,0,0,0,0,0,0,0,0,0,0,0
1,1,3,8.882207219330946,0,0,3.1790142400000003,0,0,0,0,0,0,0,0,0,0,0,0,0,0,0,0,0
1,1,3,8.882395841966185,0,0,3.1843891382857143,0,0,0,0,0,0,0,0,0,0,0,0,0,0,0,0,0
1,1,3,8.882603336359232,0,0,3.1803984925714275,0,0,0,0,0,0,0,0,0,0,0,0,0,0,0,0,0
1,1,3,8.882791976257385,0,0,3.1805217794285707,0,0,0,0,0,0,0,0,0,0,0,0,0,0,0,0,0
1,1,3,8.88299948964093,0,0,3.1813956857142855,0,0,0,0,0,0,0,0,0,0,0,0,0,0,0,0,0
1,1,3,8.88320701297291,0,0,3.1801205862857143,0,0,0,0,0,0,0,0,0,0,0,0,0,0,0,0,0
1,1,3,8.883395679180971,0,0,3.179722288,0,0,0,0,0,0,0,0,0,0,0,0,0,0,0,0,0
1,1,3,8.883593787549412,0,0,3.1829924548571427,0,0,0,0,0,0,0,0,0,0,0,0,0,0,0,0,0
1,1,3,8.883801339374012,0,0,3.185413577142857,0,0,0,0,0,0,0,0,0,0,0,0,0,0,0,0,0
1,1,3,8.88399946630772,0,0,3.1855343097142854,0,0,0,0,0,0,0,0,0,0,0,0,0,0,0,0,0
1,1,3,8.88419760230913,0,0,3.1826135691428568,0,0,0,0,0,0,0,0,0,0,0,0,0,0,0,0,0
1,1,3,8.884405183084569,0,0,3.1823082468571426,0,0,0,0,0,0,0,0,0,0,0,0,0,0,0,0,0
1,1,3,8.884603337655097,0,0,3.1805229714285708,0,0,0,0,0,0,0,0,0,0,0,0,0,0,0,0,0
1,1,3,8.88479206472572,0,0,3.179379502857142,0,0,0,0,0,0,0,0,0,0,0,0,0,0,0,0,0
1,1,3,8.88499967400551,0,0,3.1786440388571426,0,0,0,0,0,0,0,0,0,0,0,0,0,0,0,0,0
1,1,3,8.885197855786625,0,0,3.178732927999999,0,0,0,0,0,0,0,0,0,0,0,0,0,0,0,0,0
1,1,3,8.885396046639176,0,0,3.1791843554285713,0,0,0,0,0,0,0,0,0,0,0,0,0,0,0,0,0
1,1,3,8.885594246563773,0,0,3.179062090285714,0,0,0,0,0,0,0,0,0,0,0,0,0,0,0,0,0
1,1,3,8.885811333081598,0,0,3.175683792,0,0,0,0,0,0,0,0,0,0,0,0,0,0,0,0,0
1,1,3,8.886009552016297,0,0,3.176873748571428,0,0,0,0,0,0,0,0,0,0,0,0,0,0,0,0,0
1,1,3,8.886198340390209,0,0,3.1773764319999995,0,0,0,0,0,0,0,0,0,0,0,0,0,0,0,0,0
1,1,3,8.88639657704131,0,0,3.174855181714286,0,0,0,0,0,0,0,0,0,0,0,0,0,0,0,0,0
1,1,3,8.886594822767577,0,0,3.1747838319999997,0,0,0,0,0,0,0,0,0,0,0,0,0,0,0,0,0
1,1,3,8.88680251850088,0,0,3.1763754925714283,0,0,0,0,0,0,0,0,0,0,0,0,0,0,0,0,0
1,1,3,8.88699134144808,0,0,3.175430917714285,0,0,0,0,0,0,0,0,0,0,0,0,0,0,0,0,0
1,1,3,8.887217939852492,0,0,3.175223339428572,0,0,0,0,0,0,0,0,0,0,0,0,0,0,0,0,0
1,1,3,8.887397338664671,0,0,3.1749096731428574,0,0,0,0,0,0,0,0,0,0,0,0,0,0,0,0,0
1,1,3,8.887595630208345,0,0,3.1737117131428567,0,0,0,0,0,0,0,0,0,0,0,0,0,0,0,0,0
1,1,3,8.887793930830922,0,0,3.174331042285714,0,0,0,0,0,0,0,0,0,0,0,0,0,0,0,0,0
1,1,3,8.888001684078649,0,0,3.1733076251428574,0,0,0,0,0,0,0,0,0,0,0,0,0,0,0,0,0
1,1,3,8.888190559315252,0,0,3.1739155451428567,0,0,0,0,0,0,0,0,0,0,0,0,0,0,0,0,0
1,1,3,8.888398331588707,0,0,3.1729258445714286,0,0,0,0,0,0,0,0,0,0,0,0,0,0,0,0,0
1,1,3,8.888596668965532,0,0,3.1725072822857143,0,0,0,0,0,0,0,0,0,0,0,0,0,0,0,0,0
1,1,3,8.888795015424378,0,0,3.1723371668571425,0,0,0,0,0,0,0,0,0,0,0,0,0,0,0,0,0
1,1,3,8.888993370965867,0,0,3.173442491428571,0,0,0,0,0,0,0,0,0,0,0,0,0,0,0,0,0
1,1,3,8.889201181751702,0,0,3.1741817017142853,0,0,0,0,0,0,0,0,0,0,0,0,0,0,0,0,0
1,1,3,8.889399555892904,0,0,3.1732296342857143,0,0,0,0,0,0,0,0,0,0,0,0,0,0,0,0,0
1,1,3,8.889607386165514,0,0,3.1737057531428574,0,0,0,0,0,0,0,0,0,0,0,0,0,0,0,0,0
1,1,3,8.889796331429503,0,0,3.1746772331428565,0,0,0,0,0,0,0,0,0,0,0,0,0,0,0,0,0
1,1,3,8.890013628671127,0,0,3.176139136,0,0,0,0,0,0,0,0,0,0,0,0,0,0,0,0,0
1,1,3,8.890202591654043,0,0,3.176439179428571,0,0,0,0,0,0,0,0,0,0,0,0,0,0,0,0,0
1,1,3,8.890401011656783,0,0,3.1756861759999997,0,0,0,0,0,0,0,0,0,0,0,0,0,0,0,0,0
1,1,3,8.890608889978164,0,0,3.1751708914285706,0,0,0,0,0,0,0,0,0,0,0,0,0,0,0,0,0
1,1,3,8.890807328589608,0,0,3.1761445851428576,0,0,0,0,0,0,0,0,0,0,0,0,0,0,0,0,0
1,1,3,8.891005776289965,0,0,3.176976430857142,0,0,0,0,0,0,0,0,0,0,0,0,0,0,0,0,0
1,1,3,8.89121368362992,0,0,3.1751804274285713,0,0,0,0,0,0,0,0,0,0,0,0,0,0,0,0,0
1,1,3,8.891402698959903,0,0,3.173657392,0,0,0,0,0,0,0,0,0,0,0,0,0,0,0,0,0
1,1,3,8.891601173930718,0,0,3.171835845714285,0,0,0,0,0,0,0,0,0,0,0,0,0,0,0,0,0
1,1,3,8.891799657992925,0,0,3.179675118857142,0,0,0,0,0,0,0,0,0,0,0,0,0,0,0,0,0
1,1,3,8.89199815114714,0,0,3.175189622857143,0,0,0,0,0,0,0,0,0,0,0,0,0,0,0,0,0
1,1,3,8.892196653393983,0,0,3.171175307428572,0,0,0,0,0,0,0,0,0,0,0,0,0,0,0,0,0
1,1,3,8.892395164734076,0,0,3.1699620217142845,0,0,0,0,0,0,0,0,0,0,0,0,0,0,0,0,0
1,1,3,8.892603138748873,0,0,3.1701055725714284,0,0,0,0,0,0,0,0,0,0,0,0,0,0,0,0,0
1,1,3,8.89279221469648,0,0,3.1711245622857143,0,0,0,0,0,0,0,0,0,0,0,0,0,0,0,0,0
1,1,3,8.893000207767072,0,0,3.171753597714286,0,0,0,0,0,0,0,0,0,0,0,0,0,0,0,0,0
1,1,3,8.893198755919494,0,0,3.170590205714286,0,0,0,0,0,0,0,0,0,0,0,0,0,0,0,0,0
1,1,3,8.89339731316829,0,0,3.170912556571428,0,0,0,0,0,0,0,0,0,0,0,0,0,0,0,0,0
1,1,3,8.893605335281276,0,0,3.172485145142857,0,0,0,0,0,0,0,0,0,0,0,0,0,0,0,0,0
1,1,3,8.893803911157915,0,0,3.1741501988571423,0,0,0,0,0,0,0,0,0,0,0,0,0,0,0,0,0
1,1,3,8.894002496132817,0,0,3.177165618285714,0,0,0,0,0,0,0,0,0,0,0,0,0,0,0,0,0
1,1,3,8.894210547294225,0,0,3.178672817142857,0,0,0,0,0,0,0,0,0,0,0,0,0,0,0,0,0
1,1,3,8.89439969337989,0,0,3.1819109702857133,0,0,0,0,0,0,0,0,0,0,0,0,0,0,0,0,0
1,1,3,8.894598305653298,0,0,3.187050022857142,0,0,0,0,0,0,0,0,0,0,0,0,0,0,0,0,0
1,1,3,8.89479692702745,0,0,3.1878003017142857,0,0,0,0,0,0,0,0,0,0,0,0,0,0,0,0,0
1,1,3,8.894995557502964,0,0,3.1876965977142855,0,0,0,0,0,0,0,0,0,0,0,0,0,0,0,0,0
1,1,3,8.895194197080459,0,0,3.1884974514285713,0,0,0,0,0,0,0,0,0,0,0,0,0,0,0,0,0
1,1,3,8.895392845760558,0,0,3.188068842285714,0,0,0,0,0,0,0,0,0,0,0,0,0,0,0,0,0
1,1,3,8.895591503543878,0,0,3.188026611428571,0,0,0,0,0,0,0,0,0,0,0,0,0,0,0,0,0
1,1,3,8.895790170431042,0,0,3.1885899165714284,0,0,0,0,0,0,0,0,0,0,0,0,0,0,0,0,0
1,1,3,8.895998307411281,0,0,3.1881527931428564,0,0,0,0,0,0,0,0,0,0,0,0,0,0,0,0,0
1,1,3,8.896206454384432,0,0,3.186256832,0,0,0,0,0,0,0,0,0,0,0,0,0,0,0,0,0
1,1,3,8.896405149454088,0,0,3.1864979565714284,0,0,0,0,0,0,0,0,0,0,0,0,0,0,0,0,0
1,1,3,8.896594391320003,0,0,3.1849389908571424,0,0,0,0,0,0,0,0,0,0,0,0,0,0,0,0,0
1,1,3,8.89680256691317,0,0,3.185399784,0,0,0,0,0,0,0,0,0,0,0,0,0,0,0,0,0
1,1,3,8.89699182612632,0,0,3.185399784,0,0,0,0,0,0,0,0,0,0,0,0,0,0,0,0,0
1,1,3,8.897200020802746,0,0,3.1857909302857146,0,0,0,0,0,0,0,0,0,0,0,0,0,0,0,0,0
1,1,3,8.897408225476205,0,0,3.1852988045714286,0,0,0,0,0,0,0,0,0,0,0,0,0,0,0,0,0
1,1,3,8.897625904688207,0,0,3.1849783268571423,0,0,0,0,0,0,0,0,0,0,0,0,0,0,0,0,0
1,1,3,8.89780573488847,0,0,3.1865699874285704,0,0,0,0,0,0,0,0,0,0,0,0,0,0,0,0,0
1,1,3,8.898004503260426,0,0,3.184488925714286,0,0,0,0,0,0,0,0,0,0,0,0,0,0,0,0,0
1,1,3,8.898203280743763,0,0,3.1839465657142854,0,0,0,0,0,0,0,0,0,0,0,0,0,0,0,0,0
1,1,3,8.898392601104117,0,0,3.184067298285714,0,0,0,0,0,0,0,0,0,0,0,0,0,0,0,0,0
1,1,3,8.898600863047053,0,0,3.1840015679999993,0,0,0,0,0,0,0,0,0,0,0,0,0,0,0,0,0
1,1,3,8.89879966786825,0,0,3.185412385142857,0,0,0,0,0,0,0,0,0,0,0,0,0,0,0,0,0
1,1,3,8.898998481803309,0,0,3.1838297497142856,0,0,0,0,0,0,0,0,0,0,0,0,0,0,0,0,0
1,1,3,8.899197304852851,0,0,3.183684836571429,0,0,0,0,0,0,0,0,0,0,0,0,0,0,0,0,0
1,1,3,8.899396137017497,0,0,3.183939243428571,0,0,0,0,0,0,0,0,0,0,0,0,0,0,0,0,0
1,1,3,8.899604447157659,0,0,3.185406084571429,0,0,0,0,0,0,0,0,0,0,0,0,0,0,0,0,0
1,1,3,8.899812767303093,0,0,3.185550827428571,0,0,0,0,0,0,0,0,0,0,0,0,0,0,0,0,0
1,1,3,8.900002157936353,0,0,3.184047545142857,0,0,0,0,0,0,0,0,0,0,0,0,0,0,0,0,0
1,1,3,8.90020102700182,0,0,3.194840934857143,0,0,0,0,0,0,0,0,0,0,0,0,0,0,0,0,0
1,1,3,8.900399905185528,0,0,3.1877968959999996,0,0,0,0,0,0,0,0,0,0,0,0,0,0,0,0,0
1,1,3,8.900598792488099,0,0,3.187883571428571,0,0,0,0,0,0,0,0,0,0,0,0,0,0,0,0,0
1,1,3,8.90080716039583,0,0,3.1875372102857145,0,0,0,0,0,0,0,0,0,0,0,0,0,0,0,0,0
1,1,3,8.900996594452318,0,0,3.185535331428571,0,0,0,0,0,0,0,0,0,0,0,0,0,0,0,0,0
1,1,3,8.901195509115206,0,0,3.185694208,0,0,0,0,0,0,0,0,0,0,0,0,0,0,0,0,0
1,1,3,8.90140390568813,0,0,3.184037157714285,0,0,0,0,0,0,0,0,0,0,0,0,0,0,0,0,0
1,1,3,8.90159336580566,0,0,3.184474451428571,0,0,0,0,0,0,0,0,0,0,0,0,0,0,0,0,0
1,1,3,8.901792307834464,0,0,3.184608977142857,0,0,0,0,0,0,0,0,0,0,0,0,0,0,0,0,0
1,1,3,8.901991258986484,0,0,3.1838738537142857,0,0,0,0,0,0,0,0,0,0,0,0,0,0,0,0,0
1,1,3,8.902199693788784,0,0,3.1839537177142856,0,0,0,0,0,0,0,0,0,0,0,0,0,0,0,0,0
1,1,3,8.902398663623615,0,0,3.1838912228571425,0,0,0,0,0,0,0,0,0,0,0,0,0,0,0,0,0
1,1,3,8.902597642583558,0,0,3.184115318857143,0,0,0,0,0,0,0,0,0,0,0,0,0,0,0,0,0
1,1,3,8.902796630669235,0,0,3.184216298285714,0,0,0,0,0,0,0,0,0,0,0,0,0,0,0,0,0
1,1,3,8.902995627881266,0,0,3.184863724571428,0,0,0,0,0,0,0,0,0,0,0,0,0,0,0,0,0
1,1,3,8.90320411094028,0,0,3.184159763428571,0,0,0,0,0,0,0,0,0,0,0,0,0,0,0,0,0
1,1,3,8.903412604016918,0,0,3.1864405702857144,0,0,0,0,0,0,0,0,0,0,0,0,0,0,0,0,0
1,1,3,8.903602151871082,0,0,3.1857628331428565,0,0,0,0,0,0,0,0,0,0,0,0,0,0,0,0,0
1,1,3,8.903791708005404,0,0,3.184516511999999,0,0,0,0,0,0,0,0,0,0,0,0,0,0,0,0,0
1,1,3,8.903990750858553,0,0,3.182617145142857,0,0,0,0,0,0,0,0,0,0,0,0,0,0,0,0,0
1,1,3,8.904199281735405,0,0,3.1846472914285715,0,0,0,0,0,0,0,0,0,0,0,0,0,0,0,0,0
1,1,3,8.90439834328417,0,0,3.182570146285714,0,0,0,0,0,0,0,0,0,0,0,0,0,0,0,0,0
1,1,3,8.904597413964296,0,0,3.1811639268571423,0,0,0,0,0,0,0,0,0,0,0,0,0,0,0,0,0
1,1,3,8.904796493776415,0,0,3.179952003428571,0,0,0,0,0,0,0,0,0,0,0,0,0,0,0,0,0
1,1,3,8.904995582721142,0,0,3.1811293588571425,0,0,0,0,0,0,0,0,0,0,0,0,0,0,0,0,0
1,1,3,8.905194680799104,0,0,3.1774215577142857,0,0,0,0,0,0,0,0,0,0,0,0,0,0,0,0,0
1,1,3,8.905403269534565,0,0,3.1770908628571424,0,0,0,0,0,0,0,0,0,0,0,0,0,0,0,0,0
1,1,3,8.905602386315856,0,0,3.176230238857142,0,0,0,0,0,0,0,0,0,0,0,0,0,0,0,0,0
1,1,3,8.90580151223228,0,0,3.175708653714285,0,0,0,0,0,0,0,0,0,0,0,0,0,0,0,0,0
1,1,3,8.905991164455758,0,0,3.1743901314285714,0,0,0,0,0,0,0,0,0,0,0,0,0,0,0,0,0
1,1,3,8.906199791473018,0,0,3.1729057508571423,0,0,0,0,0,0,0,0,0,0,0,0,0,0,0,0,0
1,1,3,8.906398944798577,0,0,3.172071521142857,0,0,0,0,0,0,0,0,0,0,0,0,0,0,0,0,0
1,1,3,8.906598107261761,0,0,3.1720063017142857,0,0,0,0,0,0,0,0,0,0,0,0,0,0,0,0,0
1,1,3,8.906797278863198,0,0,3.171650404571428,0,0,0,0,0,0,0,0,0,0,0,0,0,0,0,0,0
1,1,3,8.906996459603505,0,0,3.1694678525714286,0,0,0,0,0,0,0,0,0,0,0,0,0,0,0,0,0
1,1,3,8.907195649483306,0,0,3.170116811428571,0,0,0,0,0,0,0,0,0,0,0,0,0,0,0,0,0
1,1,3,8.907404334398839,0,0,3.1688323462857144,0,0,0,0,0,0,0,0,0,0,0,0,0,0,0,0,0
1,1,3,8.907603542994794,0,0,3.1666538811428566,0,0,0,0,0,0,0,0,0,0,0,0,0,0,0,0,0
1,1,3,8.907802760732142,0,0,3.1673259988571423,0,0,0,0,0,0,0,0,0,0,0,0,0,0,0,0,0
1,1,3,8.907992500409947,0,0,3.1632929519999995,0,0,0,0,0,0,0,0,0,0,0,0,0,0,0,0,0
1,1,3,8.90819173599658,0,0,3.159811630857142,0,0,0,0,0,0,0,0,0,0,0,0,0,0,0,0,0
1,1,3,8.908400468798806,0,0,3.1560820331428565,0,0,0,0,0,0,0,0,0,0,0,0,0,0,0,0,0
1,1,3,8.908609211636502,0,0,3.1564028514285707,0,0,0,0,0,0,0,0,0,0,0,0,0,0,0,0,0
1,1,3,8.908808475525658,0,0,3.153324596571429,0,0,0,0,0,0,0,0,0,0,0,0,0,0,0,0,0
1,1,3,8.909007748559983,0,0,3.148510789714286,0,0,0,0,0,0,0,0,0,0,0,0,0,0,0,0,0
1,1,3,8.909235500369604,0,0,3.148818496,0,0,0,0,0,0,0,0,0,0,0,0,0,0,0,0,0
1,1,3,8.909396831796053,0,0,3.142805366857143,0,0,0,0,0,0,0,0,0,0,0,0,0,0,0,0,0
1,1,3,8.90959613183404,0,0,3.1416806297142847,0,0,0,0,0,0,0,0,0,0,0,0,0,0,0,0,0
1,1,3,8.909795441019662,0,0,3.141361003428571,0,0,0,0,0,0,0,0,0,0,0,0,0,0,0,0,0
1,1,3,8.910004250930974,0,0,3.144462076571428,0,0,0,0,0,0,0,0,0,0,0,0,0,0,0,0,0
1,1,3,8.91019408683631,0,0,3.148414578285714,0,0,0,0,0,0,0,0,0,0,0,0,0,0,0,0,0
1,1,3,8.910421900877273,0,0,3.1595808937142857,0,0,0,0,0,0,0,0,0,0,0,0,0,0,0,0,0
1,1,3,8.91060226213554,0,0,3.1577120080000003,0,0,0,0,0,0,0,0,0,0,0,0,0,0,0,0,0
1,1,3,8.91081111084554,0,0,3.1605992022857143,0,0,0,0,0,0,0,0,0,0,0,0,0,0,0,0,0
1,1,3,8.910991488268701,0,0,3.166900965714285,0,0,0,0,0,0,0,0,0,0,0,0,0,0,0,0,0
1,1,3,8.911238332672484,0,0,3.175475362285714,0,0,0,0,0,0,0,0,0,0,0,0,0,0,0,0,0
1,1,3,8.91139973852223,0,0,3.175781195428571,0,0,0,0,0,0,0,0,0,0,0,0,0,0,0,0,0
1,1,3,8.91160862558499,0,0,3.1779596605714286,0,0,0,0,0,0,0,0,0,0,0,0,0,0,0,0,0
1,1,3,8.911808027153137,0,0,3.180687467428571,0,0,0,0,0,0,0,0,0,0,0,0,0,0,0,0,0
1,1,3,8.912007437875854,0,0,3.1813476651428574,0,0,0,0,0,0,0,0,0,0,0,0,0,0,0,0,0
1,1,3,8.912206857753757,0,0,3.1843830079999997,0,0,0,0,0,0,0,0,0,0,0,0,0,0,0,0,0
1,1,3,8.912406286787476,0,0,3.1875649668571424,0,0,0,0,0,0,0,0,0,0,0,0,0,0,0,0,0
1,1,3,8.912596227713323,0,0,3.1846641497142847,0,0,0,0,0,0,0,0,0,0,0,0,0,0,0,0,0
1,1,3,8.912843163334026,0,0,3.1832403908571427,0,0,0,0,0,0,0,0,0,0,0,0,0,0,0,0,0
1,1,3,8.913004628829771,0,0,3.1876320594285708,0,0,0,0,0,0,0,0,0,0,0,0,0,0,0,0,0
1,1,3,8.913194595920404,0,0,3.183999354285714,0,0,0,0,0,0,0,0,0,0,0,0,0,0,0,0,0
1,1,3,8.913403569315168,0,0,3.183140262857143,0,0,0,0,0,0,0,0,0,0,0,0,0,0,0,0,0
1,1,3,8.913603053296901,0,0,3.1836039508571425,0,0,0,0,0,0,0,0,0,0,0,0,0,0,0,0,0
1,1,3,8.913793046557675,0,0,3.1839804525714284,0,0,0,0,0,0,0,0,0,0,0,0,0,0,0,0,0
1,1,3,8.914002048741565,0,0,3.1831223828571424,0,0,0,0,0,0,0,0,0,0,0,0,0,0,0,0,0
1,1,3,8.914201560205745,0,0,3.1826110148571423,0,0,0,0,0,0,0,0,0,0,0,0,0,0,0,0,0
1,1,3,8.914401080831997,0,0,3.182201477714286,0,0,0,0,0,0,0,0,0,0,0,0,0,0,0,0,0
1,1,3,8.914610112268017,0,0,3.1819715919999996,0,0,0,0,0,0,0,0,0,0,0,0,0,0,0,0,0
1,1,3,8.914790647510532,0,0,3.182076317714286,0,0,0,0,0,0,0,0,0,0,0,0,0,0,0,0,0
1,1,3,8.914990195190343,0,0,3.1819087565714286,0,0,0,0,0,0,0,0,0,0,0,0,0,0,0,0,0
1,1,3,8.915199254970174,0,0,3.1814248045714284,0,0,0,0,0,0,0,0,0,0,0,0,0,0,0,0,0
1,1,3,8.915398821416142,0,0,3.1808904479999995,0,0,0,0,0,0,0,0,0,0,0,0,0,0,0,0,0
1,1,3,8.915598397027932,0,0,3.1807341257142854,0,0,0,0,0,0,0,0,0,0,0,0,0,0,0,0,0
1,1,3,8.91579798180617,0,0,3.1795242457142856,0,0,0,0,0,0,0,0,0,0,0,0,0,0,0,0,0
1,1,3,8.915997575751478,0,0,3.1801946605714284,0,0,0,0,0,0,0,0,0,0,0,0,0,0,0,0,0
1,1,3,8.91619717886449,0,0,3.179462261714286,0,0,0,0,0,0,0,0,0,0,0,0,0,0,0,0,0
1,1,3,8.916396791145823,0,0,3.178652553142857,0,0,0,0,0,0,0,0,0,0,0,0,0,0,0,0,0
1,1,3,8.916605918608171,0,0,3.1761658708571434,0,0,0,0,0,0,0,0,0,0,0,0,0,0,0,0,0
1,1,3,8.916796043215973,0,0,3.175025297142857,0,0,0,0,0,0,0,0,0,0,0,0,0,0,0,0,0
1,1,3,8.91699568300604,0,0,3.186186163428571,0,0,0,0,0,0,0,0,0,0,0,0,0,0,0,0,0
1,1,3,8.917195331966937,0,0,3.1809393200000002,0,0,0,0,0,0,0,0,0,0,0,0,0,0,0,0,0
1,1,3,8.91739499009929,0,0,3.181209393142857,0,0,0,0,0,0,0,0,0,0,0,0,0,0,0,0,0
1,1,3,8.917604165599398,0,0,3.1788294799999997,0,0,0,0,0,0,0,0,0,0,0,0,0,0,0,0,0
1,1,3,8.917803842513354,0,0,3.178304318857143,0,0,0,0,0,0,0,0,0,0,0,0,0,0,0,0,0
1,1,3,8.918003528600678,0,0,3.179476054857143,0,0,0,0,0,0,0,0,0,0,0,0,0,0,0,0,0
1,1,3,8.918203223861992,0,0,3.178185118857143,0,0,0,0,0,0,0,0,0,0,0,0,0,0,0,0,0
1,1,3,8.918402928297926,0,0,3.178033905142857,0,0,0,0,0,0,0,0,0,0,0,0,0,0,0,0,0
1,1,3,8.91859313152908,0,0,3.1760059725714282,0,0,0,0,0,0,0,0,0,0,0,0,0,0,0,0,0
1,1,3,8.918802364696159,0,0,3.1750646331428567,0,0,0,0,0,0,0,0,0,0,0,0,0,0,0,0,0
1,1,3,8.918992585405734,0,0,3.1734348285714282,0,0,0,0,0,0,0,0,0,0,0,0,0,0,0,0,0
1,1,3,8.919192326109389,0,0,3.172512220571428,0,0,0,0,0,0,0,0,0,0,0,0,0,0,0,0,0
1,1,3,8.919411100267677,0,0,3.169838734857142,0,0,0,0,0,0,0,0,0,0,0,0,0,0,0,0,0
1,1,3,8.919601347615627,0,0,3.1669959851428575,0,0,0,0,0,0,0,0,0,0,0,0,0,0,0,0,0
1,1,3,8.919801116291445,0,0,3.164914412571428,0,0,0,0,0,0,0,0,0,0,0,0,0,0,0,0,0
1,1,3,8.920000894146897,0,0,3.160434365714285,0,0,0,0,0,0,0,0,0,0,0,0,0,0,0,0,0
1,1,3,8.920200681182608,0,0,3.1562315439999997,0,0,0,0,0,0,0,0,0,0,0,0,0,0,0,0,0
1,1,3,8.92040047739921,0,0,3.1505513234285707,0,0,0,0,0,0,0,0,0,0,0,0,0,0,0,0,0
1,1,3,8.920590768046354,0,0,3.1470136377142857,0,0,0,0,0,0,0,0,0,0,0,0,0,0,0,0,0
1,1,3,8.920800097377589,0,0,3.1442723782857143,0,0,0,0,0,0,0,0,0,0,0,0,0,0,0,0,0
1,1,3,8.920999921140618,0,0,3.1420942537142857,0,0,0,0,0,0,0,0,0,0,0,0,0,0,0,0,0
1,1,3,8.921199754087048,0,0,3.1433075394285717,0,0,0,0,0,0,0,0,0,0,0,0,0,0,0,0,0
1,1,3,8.921399596217503,0,0,3.1441581165714285,0,0,0,0,0,0,0,0,0,0,0,0,0,0,0,0,0
1,1,3,8.921608964491007,0,0,3.1456811519999994,0,0,0,0,0,0,0,0,0,0,0,0,0,0,0,0,0
1,1,3,8.921799308032996,0,0,3.1491973817142855,0,0,0,0,0,0,0,0,0,0,0,0,0,0,0,0,0
1,1,3,8.921999177719295,0,0,3.157265689142857,0,0,0,0,0,0,0,0,0,0,0,0,0,0,0,0,0
1,1,3,8.922208574862843,0,0,3.1604452640000003,0,0,0,0,0,0,0,0,0,0,0,0,0,0,0,0,0
1,1,3,8.922398944652123,0,0,3.1650634125714285,0,0,0,0,0,0,0,0,0,0,0,0,0,0,0,0,0
1,1,3,8.92259884189991,0,0,3.170753509714285,0,0,0,0,0,0,0,0,0,0,0,0,0,0,0,0,0
1,1,3,8.922808267919423,0,0,3.176056036571428,0,0,0,0,0,0,0,0,0,0,0,0,0,0,0,0,0
1,1,3,8.922998663961373,0,0,3.1809280811428566,0,0,0,0,0,0,0,0,0,0,0,0,0,0,0,0,0
1,1,3,8.923198588776303,0,0,3.1834101657142853,0,0,0,0,0,0,0,0,0,0,0,0,0,0,0,0,0
1,1,3,8.923398522781538,0,0,3.1854592137142856,0,0,0,0,0,0,0,0,0,0,0,0,0,0,0,0,0
1,1,3,8.923598465977705,0,0,3.1854501885714277,0,0,0,0,0,0,0,0,0,0,0,0,0,0,0,0,0
1,1,3,8.92379841836543,0,0,3.1874609222857138,0,0,0,0,0,0,0,0,0,0,0,0,0,0,0,0,0
1,1,3,8.923998379945346,0,0,3.1876531748571426,0,0,0,0,0,0,0,0,0,0,0,0,0,0,0,0,0
1,1,3,8.924198350718074,0,0,3.186384035428571,0,0,0,0,0,0,0,0,0,0,0,0,0,0,0,0,0
1,1,3,8.924398330684252,0,0,3.1857258811428566,0,0,0,0,0,0,0,0,0,0,0,0,0,0,0,0,0
1,1,3,8.924598319844499,0,0,3.1851612137142857,0,0,0,0,0,0,0,0,0,0,0,0,0,0,0,0,0
1,1,3,8.924798318199452,0,0,3.1840255782857136,0,0,0,0,0,0,0,0,0,0,0,0,0,0,0,0,0
1,1,3,8.924998325749732,0,0,3.1826387714285715,0,0,0,0,0,0,0,0,0,0,0,0,0,0,0,0,0
1,1,3,8.925198342495973,0,0,3.182678448,0,0,0,0,0,0,0,0,0,0,0,0,0,0,0,0,0
1,1,3,8.925398368438799,0,0,3.1818028388571427,0,0,0,0,0,0,0,0,0,0,0,0,0,0,0,0,0
1,1,3,8.925598403578846,0,0,3.1900683371428573,0,0,0,0,0,0,0,0,0,0,0,0,0,0,0,0,0
1,1,3,8.92580797406702,0,0,3.189247900571428,0,0,0,0,0,0,0,0,0,0,0,0,0,0,0,0,0
1,1,3,8.926008028041423,0,0,3.189218441142857,0,0,0,0,0,0,0,0,0,0,0,0,0,0,0,0,0
1,1,3,8.926208091214955,0,0,3.187788211428571,0,0,0,0,0,0,0,0,0,0,0,0,0,0,0,0,0
1,1,3,8.926408163588249,0,0,3.188440065142857,0,0,0,0,0,0,0,0,0,0,0,0,0,0,0,0,0
1,1,3,8.926598717259315,0,0,3.185558490285714,0,0,0,0,0,0,0,0,0,0,0,0,0,0,0,0,0
1,1,3,8.926808335936641,0,0,3.186260578285714,0,0,0,0,0,0,0,0,0,0,0,0,0,0,0,0,0
1,1,3,8.927008435912995,0,0,3.185888504,0,0,0,0,0,0,0,0,0,0,0,0,0,0,0,0,0
1,1,3,8.927199015874443,0,0,3.187602259428572,0,0,0,0,0,0,0,0,0,0,0,0,0,0,0,0,0
1,1,3,8.927399133817737,0,0,3.1860909737142857,0,0,0,0,0,0,0,0,0,0,0,0,0,0,0,0,0
1,1,3,8.927608791058242,0,0,3.1860490834285713,0,0,0,0,0,0,0,0,0,0,0,0,0,0,0,0,0
1,1,3,8.927789866804321,0,0,3.185807107428571,0,0,0,0,0,0,0,0,0,0,0,0,0,0,0,0,0
1,1,3,8.927999542871166,0,0,3.184876496,0,0,0,0,0,0,0,0,0,0,0,0,0,0,0,0,0
1,1,3,8.928199697632259,0,0,3.1845185554285718,0,0,0,0,0,0,0,0,0,0,0,0,0,0,0,0,0
1,1,3,8.928409393446499,0,0,3.1855533817142856,0,0,0,0,0,0,0,0,0,0,0,0,0,0,0,0,0
1,1,3,8.928590502508477,0,0,3.1833880285714287,0,0,0,0,0,0,0,0,0,0,0,0,0,0,0,0,0
1,1,3,8.928800217154205,0,0,3.1833069725714283,0,0,0,0,0,0,0,0,0,0,0,0,0,0,0,0,0
1,1,3,8.928990875601558,0,0,3.1822183359999996,0,0,0,0,0,0,0,0,0,0,0,0,0,0,0,0,0
1,1,3,8.929191075960553,0,0,3.1836931805714284,0,0,0,0,0,0,0,0,0,0,0,0,0,0,0,0,0
1,1,3,8.92939128552869,0,0,3.1831305565714283,0,0,0,0,0,0,0,0,0,0,0,0,0,0,0,0,0
1,1,3,8.929591504306599,0,0,3.1817602674285714,0,0,0,0,0,0,0,0,0,0,0,0,0,0,0,0,0
1,1,3,8.92980126719077,0,0,3.1814169714285714,0,0,0,0,0,0,0,0,0,0,0,0,0,0,0,0,0
1,1,3,8.929991969494253,0,0,3.1811523474285712,0,0,0,0,0,0,0,0,0,0,0,0,0,0,0,0,0
1,1,3,8.930192215905262,0,0,3.180734466285714,0,0,0,0,0,0,0,0,0,0,0,0,0,0,0,0,0
1,1,3,8.930411543973166,0,0,3.179193891428571,0,0,0,0,0,0,0,0,0,0,0,0,0,0,0,0,0
1,1,3,8.930602273015365,0,0,3.177270173714285,0,0,0,0,0,0,0,0,0,0,0,0,0,0,0,0,0
1,1,3,8.930802547503896,0,0,3.1768347531428565,0,0,0,0,0,0,0,0,0,0,0,0,0,0,0,0,0
1,1,3,8.930993293678512,0,0,3.1772608079999998,0,0,0,0,0,0,0,0,0,0,0,0,0,0,0,0,0
1,1,3,8.931212662112065,0,0,3.1773221108571432,0,0,0,0,0,0,0,0,0,0,0,0,0,0,0,0,0
1,1,3,8.931412964683972,0,0,3.177833308571428,0,0,0,0,0,0,0,0,0,0,0,0,0,0,0,0,0
1,1,3,8.93160373760645,0,0,3.178104233142857,0,0,0,0,0,0,0,0,0,0,0,0,0,0,0,0,0
1,1,3,8.931804058172348,0,0,3.181177890285714,0,0,0,0,0,0,0,0,0,0,0,0,0,0,0,0,0
1,1,3,8.931994848233106,0,0,3.179338464,0,0,0,0,0,0,0,0,0,0,0,0,0,0,0,0,0
1,1,3,8.932204726956874,0,0,3.1796347611428573,0,0,0,0,0,0,0,0,0,0,0,0,0,0,0,0,0
1,1,3,8.93240507517676,0,0,3.1814006239999997,0,0,0,0,0,0,0,0,0,0,0,0,0,0,0,0,0
1,1,3,8.932605432615903,0,0,3.1809578811428563,0,0,0,0,0,0,0,0,0,0,0,0,0,0,0,0,0
1,1,3,8.93279625779638,0,0,3.1797352297142853,0,0,0,0,0,0,0,0,0,0,0,0,0,0,0,0,0
1,1,3,8.933006175154485,0,0,3.1796179028571427,0,0,0,0,0,0,0,0,0,0,0,0,0,0,0,0,0
1,1,3,8.933197017898426,0,0,3.180459284571428,0,0,0,0,0,0,0,0,0,0,0,0,0,0,0,0,0
1,1,3,8.93339741178176,0,0,3.1793651988571425,0,0,0,0,0,0,0,0,0,0,0,0,0,0,0,0,0
1,1,3,8.933597814887474,0,0,3.1774724731428563,0,0,0,0,0,0,0,0,0,0,0,0,0,0,0,0,0
1,1,3,8.933798227216203,0,0,3.1812657577142858,0,0,0,0,0,0,0,0,0,0,0,0,0,0,0,0,0
1,1,3,8.933998648768574,0,0,3.181023952,0,0,0,0,0,0,0,0,0,0,0,0,0,0,0,0,0
1,1,3,8.93419907954522,0,0,3.1798345062857143,0,0,0,0,0,0,0,0,0,0,0,0,0,0,0,0,0
1,1,3,8.934399519546773,0,0,3.179252980571428,0,0,0,0,0,0,0,0,0,0,0,0,0,0,0,0,0
1,1,3,8.934599968773862,0,0,3.1790012982857143,0,0,0,0,0,0,0,0,0,0,0,0,0,0,0,0,0
1,1,3,8.93480042722712,0,0,3.1816318719999996,0,0,0,0,0,0,0,0,0,0,0,0,0,0,0,0,0
1,1,3,8.934991348617942,0,0,3.179969713142857,0,0,0,0,0,0,0,0,0,0,0,0,0,0,0,0,0
1,1,3,8.935201371814669,0,0,3.180062008,0,0,0,0,0,0,0,0,0,0,0,0,0,0,0,0,0
1,1,3,8.935401857950222,0,0,3.1800723954285712,0,0,0,0,0,0,0,0,0,0,0,0,0,0,0,0,0
1,1,3,8.935592805706895,0,0,3.180075460571429,0,0,0,0,0,0,0,0,0,0,0,0,0,0,0,0,0
1,1,3,8.935802857908044,0,0,3.1813497085714277,0,0,0,0,0,0,0,0,0,0,0,0,0,0,0,0,0
1,1,3,8.936003371731577,0,0,3.1807726102857137,0,0,0,0,0,0,0,0,0,0,0,0,0,0,0,0,0
1,1,3,8.936203894785699,0,0,3.1819632479999997,0,0,0,0,0,0,0,0,0,0,0,0,0,0,0,0,0
1,1,3,8.936394877705265,0,0,3.1822861097142856,0,0,0,0,0,0,0,0,0,0,0,0,0,0,0,0,0
1,1,3,8.936595418782835,0,0,3.1816478788571425,0,0,0,0,0,0,0,0,0,0,0,0,0,0,0,0,0
1,1,3,8.936795969092861,0,0,3.1816746137142853,0,0,0,0,0,0,0,0,0,0,0,0,0,0,0,0,0
1,1,3,8.936996528635973,0,0,3.1789200719999995,0,0,0,0,0,0,0,0,0,0,0,0,0,0,0,0,0
1,1,3,8.937206648537272,0,0,3.178571497142857,0,0,0,0,0,0,0,0,0,0,0,0,0,0,0,0,0
1,1,3,8.93739767542399,0,0,3.177124068571428,0,0,0,0,0,0,0,0,0,0,0,0,0,0,0,0,0
1,1,3,8.937607814674145,0,0,3.175388686857142,0,0,0,0,0,0,0,0,0,0,0,0,0,0,0,0,0
1,1,3,8.93779885915194,0,0,3.175037898285715,0,0,0,0,0,0,0,0,0,0,0,0,0,0,0,0,0
1,1,3,8.937999464869973,0,0,3.1738433440000002,0,0,0,0,0,0,0,0,0,0,0,0,0,0,0,0,0
1,1,3,8.938190526522328,0,0,3.1716321840000004,0,0,0,0,0,0,0,0,0,0,0,0,0,0,0,0,0
1,1,3,8.938400704017308,0,0,3.1675805759999998,0,0,0,0,0,0,0,0,0,0,0,0,0,0,0,0,0
1,1,3,8.938591783265501,0,0,3.1647441268571432,0,0,0,0,0,0,0,0,0,0,0,0,0,0,0,0,0
1,1,3,8.938792425494892,0,0,3.1647441268571432,0,0,0,0,0,0,0,0,0,0,0,0,0,0,0,0,0
1,1,3,8.938993076963662,0,0,3.161462891428571,0,0,0,0,0,0,0,0,0,0,0,0,0,0,0,0,0
1,1,3,8.939184182191067,0,0,3.161462891428571,0,0,0,0,0,0,0,0,0,0,0,0,0,0,0,0,0
1,1,3,8.939403963564256,0,0,3.157592808,0,0,0,0,0,0,0,0,0,0,0,0,0,0,0,0,0
1,1,3,8.939595086812583,0,0,3.1558378434285714,0,0,0,0,0,0,0,0,0,0,0,0,0,0,0,0,0
1,1,3,8.939805332067765,0,0,3.1523556708571427,0,0,0,0,0,0,0,0,0,0,0,0,0,0,0,0,0
1,1,3,8.940006030183064,0,0,3.151272824,0,0,0,0,0,0,0,0,0,0,0,0,0,0,0,0,0
1,1,3,8.9401971798387,0,0,3.1530924971428567,0,0,0,0,0,0,0,0,0,0,0,0,0,0,0,0,0
1,1,3,8.94039789600085,0,0,3.1535718514285707,0,0,0,0,0,0,0,0,0,0,0,0,0,0,0,0,0
1,1,3,8.940598621407439,0,0,3.1543890525714287,0,0,0,0,0,0,0,0,0,0,0,0,0,0,0,0,0
1,1,3,8.940799356059104,0,0,3.157183611428571,0,0,0,0,0,0,0,0,0,0,0,0,0,0,0,0,0
1,1,3,8.940990540513608,0,0,3.1586778685714285,0,0,0,0,0,0,0,0,0,0,0,0,0,0,0,0,0
1,1,3,8.94119129321701,0,0,3.162459573714286,0,0,0,0,0,0,0,0,0,0,0,0,0,0,0,0,0
1,1,3,8.941392055167354,0,0,3.164566859428571,0,0,0,0,0,0,0,0,0,0,0,0,0,0,0,0,0
1,1,3,8.941602387129189,0,0,3.1654210125714286,0,0,0,0,0,0,0,0,0,0,0,0,0,0,0,0,0
1,1,3,8.94181272924102,0,0,3.1683017359999996,0,0,0,0,0,0,0,0,0,0,0,0,0,0,0,0,0
1,1,3,8.941994396506393,0,0,3.168095860571429,0,0,0,0,0,0,0,0,0,0,0,0,0,0,0,0,0
1,1,3,8.942195195450854,0,0,3.1676127599999995,0,0,0,0,0,0,0,0,0,0,0,0,0,0,0,0,0
1,1,3,8.942396003645424,0,0,3.1706986777142854,0,0,0,0,0,0,0,0,0,0,0,0,0,0,0,0,0
1,1,3,8.942596821090744,0,0,3.170460618285714,0,0,0,0,0,0,0,0,0,0,0,0,0,0,0,0,0
1,1,3,8.942797647787438,0,0,3.1697529108571425,0,0,0,0,0,0,0,0,0,0,0,0,0,0,0,0,0
1,1,3,8.94299848373615,0,0,3.1692846251428572,0,0,0,0,0,0,0,0,0,0,0,0,0,0,0,0,0
1,1,3,8.943199328937505,0,0,3.170310426285714,0,0,0,0,0,0,0,0,0,0,0,0,0,0,0,0,0
1,1,3,8.943400183392143,0,0,3.1711305222857136,0,0,0,0,0,0,0,0,0,0,0,0,0,0,0,0,0
1,1,3,8.943591481952343,0,0,3.1717326525714284,0,0,0,0,0,0,0,0,0,0,0,0,0,0,0,0,0
1,1,3,8.943801920063793,0,0,3.172602301714286,0,0,0,0,0,0,0,0,0,0,0,0,0,0,0,0,0
1,1,3,8.94399323625228,0,0,3.1722632628571428,0,0,0,0,0,0,0,0,0,0,0,0,0,0,0,0,0
1,1,3,8.94422282676027,0,0,3.174657139428571,0,0,0,0,0,0,0,0,0,0,0,0,0,0,0,0,0
1,1,3,8.944404594486727,0,0,3.1754986914285714,0,0,0,0,0,0,0,0,0,0,0,0,0,0,0,0,0
1,1,3,8.944595937122171,0,0,3.173048109714286,0,0,0,0,0,0,0,0,0,0,0,0,0,0,0,0,0
1,1,3,8.944796855926668,0,0,3.174217291428571,0,0,0,0,0,0,0,0,0,0,0,0,0,0,0,0,0
