5.214109959766899e-12
5.05190811059264e-12
5.297600032261318e-12
5.137276888611542e-12
5.481292936898585e-12
5.137786029951741e-12
5.232299836455123e-12
5.38855678827721e-12
5.116951133643521e-12
5.4586790816657516e-12
5.2920068500939e-12
5.1738639414433685e-12
5.178692110557881e-12
5.334946893975623e-12
5.334438186316293e-12
5.372805065434472e-12
5.353492822657291e-12
5.476970873358189e-12
5.281844839971628e-12
5.5079708155547635e-12
5.607567795523627e-12
5.275491848921732e-12
5.132957860837228e-12
5.41675601942182e-12
5.417013192177134e-12
5.175387028655276e-12
5.43098508873352e-12
5.6116339873513166e-12
5.38880702213862e-12
5.45563117251846e-12
5.402022145578611e-12
5.4721440052862835e-12
5.4746849414977206e-12
5.485359128726275e-12
5.5214348718135575e-12
5.3639111381731386e-12
5.634246107860674e-12
5.472399009637252e-12
5.439878148633115e-12
5.248306997329699e-12
5.646694917205153e-12
4.851953040729828e-12
5.0831600213741e-12
5.155062141048994e-12
5.119238800227466e-12
5.3179231851441244e-12
5.0419989364169915e-12
5.079347966535641e-12
5.163191922619159e-12
5.336722817134154e-12
5.023705843681947e-12
4.775223185621291e-12
4.810536951421751e-12
4.778778067704437e-12
4.732281840696961e-12
4.58771605774122e-12
4.213211810683015e-12
4.1042139305169645e-12
4.131907923449196e-12
4.357525191373002e-12
4.425364154986289e-12
4.4045288249972e-12
4.3359291851396975e-12
4.3788670606170754e-12
4.198729905424692e-12
4.319667019914153e-12
4.3465999029213e-12
3.9512629279592204e-12
4.172558999704368e-12
4.4998080782343575e-12
4.4185020225961935e-12
4.333896089225853e-12
4.209401056887163e-12
4.261231992264136e-12
4.170273935205637e-12
4.352952893971196e-12
4.20177911561459e-12
4.337708144064312e-12
4.0401870217421365e-12
4.2917210583970355e-12
5.174373950145306e-12
5.368993010596013e-12
5.12050905149275e-12
5.2429731563219395e-12
5.142867035012877e-12
5.180726073833464e-12
5.300392937057641e-12
5.218075103952113e-12
5.241957909407624e-12
5.106282150585395e-12
5.070964915337983e-12
5.000588051279342e-12
5.459189957729427e-12
5.305983950820714e-12
5.161160995109659e-12
4.72593101805141e-12
5.2480541613830756e-12
5.21172081185961e-12
4.94164214756565e-12
5.167513118797817e-12
5.309030992606267e-12
5.514576208870414e-12
5.138803011589532e-12
5.142105057726054e-12
5.107042826829611e-12
4.817144079460878e-12
5.225949013809572e-12
5.126861175180908e-12
5.093577035847341e-12
5.190633946966505e-12
5.267872076053504e-12
5.1713260409980144e-12
5.371279809818219e-12
5.128133161169668e-12
5.0470808088398655e-12
5.210195989924227e-12
4.9965209920899145e-12
5.109075055381718e-12
5.114666069144791e-12
5.0727430069008594e-12
5.147441934499897e-12
5.210705998626164e-12
5.3158931249963626e-12
4.969082003508651e-12
4.9779720276421635e-12
4.403258140051047e-12
4.0376469528924375e-12
4.060768214741994e-12
4.395891203129443e-12
4.258183215755107e-12
4.318905909989068e-12
4.222359007571841e-12
4.281813185263994e-12
4.520385801787263e-12
4.320177895977828e-12
4.5478269587728715e-12
4.294771135948672e-12
4.175609944617742e-12
3.4969789650812766e-12
3.956599804733063e-12
3.864622163951559e-12
3.6964268451677995e-12
4.110820191194353e-12
3.749273027459088e-12
3.916961806987862e-12
4.0401878891038745e-12
5.6078227998745955e-12
5.663973196706751e-12
5.141343080439231e-12
5.207399182000083e-12
5.298868982483995e-12
5.4388611669953235e-12
5.2178179311968e-12
5.182501996991995e-12
5.49018599679818e-12
5.378138039080493e-12
5.568948080458824e-12
5.3044591288853304e-12
5.284384041459589e-12
5.254156051209824e-12
5.1321958835504056e-12
5.294297118763058e-12
5.2442429739063545e-12
5.446993984331572e-12
5.450296030468094e-12
5.3204628203129545e-12
5.234842073709167e-12
5.377631066144639e-12
5.4388659374848825e-12
5.382712938567513e-12
5.310050142648404e-12
5.158110050196285e-12
5.452584130732907e-12
5.350951886445854e-12
5.528045035618767e-12
5.340029200079366e-12
5.2058791305542584e-12
5.6263730653649535e-12
5.21019902569031e-12
4.969846149199819e-12
5.037173803068562e-12
4.820701997310106e-12
4.7686177923056405e-12
5.005924060691447e-12
4.9063240449565004e-12
4.935545028228461e-12
4.977720926419016e-12
5.0214229475875616e-12
4.838488117109296e-12
4.779036107821488e-12
4.762012832670859e-12
5.169547949435138e-12
5.310557982945996e-12
5.318943202547999e-12
5.434291905359601e-12
5.300650977174692e-12
5.282356149716172e-12
5.354002831359228e-12
5.4363241339117074e-12
5.400244054015735e-12
5.253646042507887e-12
5.436070864284215e-12
5.250850101945481e-12
5.02701179294629e-12
5.11898683164258e-12
5.2173131266652906e-12
5.266600957426482e-12
5.3811881166321296e-12
5.512289843329077e-12
5.308779024021382e-12
5.254914992730564e-12
5.364422014236814e-12
5.446996152735917e-12
5.172087150923099e-12
5.167768123148786e-12
5.2859140675654e-12
5.218330108303082e-12
5.3479070130646456e-12
5.296583917985265e-12
5.209436181041749e-12
5.347397004362708e-12
4.9177602094718775e-12
5.16471804559715e-12
4.887523979285602e-12
5.1321971845930126e-12
4.9645101397877145e-12
5.105011899320111e-12
5.174373950145306e-12
5.115430214835959e-12
5.118223986994019e-12
5.0740171612939644e-12
5.2231569763749874e-12
5.203846034640414e-12
5.4157451093161946e-12
5.012276184379605e-12
5.411425214180143e-12
5.161160995109659e-12
5.2404339548339784e-12
5.483836041514367e-12
5.203081888949246e-12
5.4132041731047575e-12
5.4650359758434686e-12
5.6507619763945804e-12
5.291502045562391e-12
5.445977870055518e-12
5.4132020047004126e-12
5.418283877123287e-12
5.435563891348361e-12
5.325800998129404e-12
5.442167983621404e-12
5.585211113046107e-12
5.530840976181173e-12
5.375346001645909e-12
5.149727866360365e-12
5.554215073977353e-12
5.45461809400849e-12
5.4068511820548615e-12
5.294043849135566e-12
5.300392937057641e-12
5.4957770105612536e-12
5.510767189798038e-12
5.400753195355934e-12
5.395672190294798e-12
5.306239822533421e-12
5.418286045527632e-12
5.5016208602709504e-12
5.324528144778906e-12
5.393891930327577e-12
5.3524788767855824e-12
5.414728127678403e-12
5.516101898167536e-12
5.184538996033661e-12
5.3280908331176935e-12
5.286166903512024e-12
5.443184097897458e-12
5.3933858247534605e-12
5.4477559616183946e-12
5.322243947641914e-12
5.449792093298322e-12
5.7147888851694084e-12
5.532618200382311e-12
5.112633840592684e-12
5.41726906388984e-12
5.539224027378831e-12
5.581654929920354e-12
5.2800710852174415e-12
5.1014570172369655e-12
5.338507847590934e-12
5.1039970860866646e-12
5.324787919619434e-12
5.497301832496637e-12
5.324532915268465e-12
5.229254963073915e-12
5.555232055615145e-12
5.575304107274803e-12
5.111619027359238e-12
5.0669021929572455e-12
5.524488852493015e-12
5.4464891798000625e-12
5.544560904152673e-12
5.3946569433804825e-12
5.5783541848264395e-12
5.293031204306464e-12
5.348164185819959e-12
5.193432055933256e-12
5.295060830773357e-12
5.3837320886096496e-12
5.6225631789308395e-12
5.3895759383193464e-12
5.362898927024906e-12
5.4612269567710925e-12
5.25440801979471e-12
5.2826111540671405e-12
5.311575831945525e-12
5.332663130519499e-12
5.227224035564415e-12
5.431244863574047e-12
5.5918199758087095e-12
5.453350011147551e-12
5.154050797262499e-12
5.336221048368728e-12
5.420575013154183e-12
4.827567165466284e-12
4.9167458299193e-12
5.1212749319073936e-12
4.8019058347670285e-12
5.210202928818131e-12
5.324536818396286e-12
5.077323110558307e-12
5.2038499377682346e-12
5.404059144620277e-12
5.0016072013214785e-12
4.910142171327125e-12
4.941643882289126e-12
5.094090947677099e-12
5.0125329234540494e-12
5.1903850141477026e-12
4.733562066622232e-12
5.119750977333748e-12
5.113146885060704e-12
4.904042883585591e-12
5.278547998005534e-12
5.37560404176296e-12
5.1975008498461595e-12
5.1283899002441125e-12
5.100952212705456e-12
5.210712937520068e-12
5.409651893106826e-12
5.0547109900489495e-12
5.274228970231221e-12
5.08697597934038e-12
4.943170872628855e-12
5.117212209526656e-12
4.503879907913344e-12
4.5125170961002325e-12
4.243197807007881e-12
4.069156903790949e-12
4.199242949892712e-12
4.261492200785533e-12
4.584672919083488e-12
4.25996694516928e-12
4.534620942631129e-12
4.266319068857438e-12
4.211439790652305e-12
4.231765111939456e-12
4.6700429981449965e-12
4.6982448313748204e-12
4.462465119647874e-12
4.514803895322439e-12
4.7602399452784105e-12
4.818168867354311e-12
4.493462026078365e-12
4.3864968081452904e-12
4.3191678532339406e-12
4.536654038544974e-12
4.633200940962201e-12
4.467291987719779e-12
4.4838061215302094e-12
4.396913822618531e-12
4.444933136837914e-12
4.368456117676001e-12
4.561042949574601e-12
4.427657025740661e-12
4.362359865700549e-12
4.4510319908985796e-12
4.120989140210529e-12
4.514041050673878e-12
4.400722841690907e-12
4.57501788189707e-12
4.250313209025469e-12
4.352449824163163e-12
4.576796840821684e-12
4.668009034869414e-12
4.478215107767136e-12
4.372521008461083e-12
4.21982414289257e-12
4.5036231688388995e-12
4.539701947692265e-12
4.432990866748421e-12
4.094819969213681e-12
4.314592086385183e-12
4.3941191830987325e-12
4.358801947851321e-12
4.351432842525371e-12
4.519883165660099e-12
4.6392989276611285e-12
4.4644969145191116e-12
4.348383198654604e-12
4.355244030002092e-12
4.597885874119134e-12
4.3999608644040844e-12
4.681221122543322e-12
4.524965905444711e-12
4.623545036414045e-12
5.184542031799744e-12
4.929704214284847e-12
4.947999909105105e-12
5.081385832939045e-12
5.030574914965946e-12
5.0905351982322156e-12
4.976202176015798e-12
5.106793894010808e-12
4.9805190353857665e-12
5.064620164224598e-12
4.794285194537062e-12
5.201054864567567e-12
5.312849118976892e-12
5.405076993619806e-12
5.302687976216358e-12
5.658644993550288e-12
5.5168721153908695e-12
5.413716783891909e-12
5.725719811472407e-12
5.647210997439256e-12
5.571750959915134e-12
5.565904941801092e-12
5.3837359917374705e-12
5.398979006920879e-12
5.490192935692084e-12
5.678972049560915e-12
5.6571180032105595e-12
5.352740820030455e-12
5.862157981262328e-12
5.9482900376106596e-12
5.709968088629669e-12
5.971154126704903e-12
5.702599850665457e-12
5.798640213827699e-12
5.869525785545671e-12
5.935838192500098e-12
6.048394857877115e-12
5.955914147287578e-12
5.877404032211819e-12
5.830910840970427e-12
6.0577948907125645e-12
6.053733035693565e-12
5.6992960698054596e-12
5.757987836529921e-12
5.597666861284489e-12
5.921105186018627e-12
5.747827994811994e-12
5.5796292065812825e-12
5.704378809590072e-12
5.777299211945364e-12
5.750110890906379e-12
5.881214786007671e-12
5.891631800480912e-12
5.620786822091439e-12
5.953116905682565e-12
5.598431874337395e-12
5.706663874088802e-12
5.91424392099027e-12
5.528813951799494e-12
5.753160101096277e-12
5.8631758302618575e-12
5.850217012215442e-12
5.974460075969246e-12
5.6596619751880795e-12
5.992754036066028e-12
5.8497109066413255e-12
5.5905540613521154e-12
5.6583938923271404e-12
5.77755508365807e-12
5.773488024468643e-12
5.767389170407977e-12
5.945494964409992e-12
5.618248054284347e-12
5.8273511883977225e-12
5.6883751181624476e-12
5.723943888313876e-12
5.6339989097653476e-12
5.9195790630406364e-12
5.928728862014676e-12
5.694725940807999e-12
6.0725348360879394e-12
5.6251088856318354e-12
5.875625073287205e-12
5.724705865600699e-12
5.797369962562415e-12
5.83065496925772e-12
5.573529918839748e-12
5.607324066875252e-12
5.758247177689579e-12
6.069738028163796e-12
6.0270538559947795e-12
5.821763210400732e-12
5.939145009126179e-12
5.843866189569891e-12
5.971160198237069e-12
5.950579005237211e-12
5.534912805860159e-12
5.759262858284764e-12
5.841833961017784e-12
5.734869176765578e-12
5.76662892784463e-12
5.998342881424756e-12
6.0321391978646055e-12
5.970650189535132e-12
5.903829942283112e-12
5.998600921541808e-12
5.591063202692315e-12
5.691171058724853e-12
5.939655885189854e-12
5.984626856581077e-12
5.5206880733571495e-12
5.871312117045058e-12
5.8682611721316835e-12
5.735887025765107e-12
6.01841710148876e-12
5.77247581332041e-12
5.9693808056315856e-12
5.81160120027846e-12
5.778573800019338e-12
5.930000848003436e-12
5.87613594935088e-12
5.910689906268862e-12
6.135039958693467e-12
6.068469945302857e-12
5.821257104826616e-12
6.063133935890752e-12
5.902306855071204e-12
5.853778833192491e-12
5.9457530045270435e-12
5.8324360965866795e-12
5.904338216261573e-12
5.654331169946403e-12
5.72140685523026e-12
5.83929606057243e-12
5.783399800729505e-12
6.058055966595699e-12
6.0013981631468205e-12
5.907134156823979e-12
5.679992934326528e-12
5.861147938518441e-12
5.702350917846655e-12
5.856321070446535e-12
5.754688826159482e-12
5.628668104523671e-12
5.9213627924548096e-12
5.785435065047695e-12
5.864195847665732e-12
6.157907950915531e-12
5.919837970519426e-12
6.088796133951746e-12
5.869023149418506e-12
5.694728976574082e-12
5.7991528246148505e-12
5.7216601248577525e-12
5.6459459503444e-12
5.854540810479314e-12
5.825070027026813e-12
6.0097790459401335e-12
5.9975848072657545e-12
5.949817027950388e-12
5.845139910282127e-12
5.969637111025161e-12
5.746559911951055e-12
6.038745024861125e-12
5.8324369639484175e-12
5.7191191886463155e-12
6.039252865158717e-12
6.0430640526354384e-12
5.752657031288244e-12
5.670844002714226e-12
5.558034935071454e-12
5.566927994971049e-12
5.8222727854218e-12
5.538216153039288e-12
5.505189186461035e-12
5.664236007313361e-12
6.155870951873865e-12
5.747573857822763e-12
5.881978064337101e-12
5.737158144392129e-12
5.540250983676609e-12
5.8593659438277435e-12
5.69701490843455e-12
5.794322053415124e-12
5.696504899732613e-12
6.011813009215716e-12
5.887315808472682e-12
5.9310160949177515e-12
6.041537929657448e-12
5.844884905931158e-12
6.0494148752809895e-12
5.815666958425281e-12
5.817190045637188e-12
5.673893212904124e-12
5.810585953364145e-12
5.653060051319381e-12
5.849204801067209e-12
5.719372024592939e-12
6.07863585855295e-12
5.700064985986186e-12
5.705907968334145e-12
5.746307076004431e-12
5.5687078212574015e-12
5.705145991047322e-12
5.677451998115091e-12
5.801440057517926e-12
5.925938992984436e-12
5.603770919515583e-12
5.7844180834099035e-12
5.957952013690981e-12
5.72140685523026e-12
5.721915996570459e-12
5.778575101061945e-12
6.032901175151428e-12
5.925428116920761e-12
5.8100781130665524e-12
5.8016941945071565e-12
5.977006216351111e-12
5.675166066254622e-12
6.029092156079052e-12
5.928986902131728e-12
5.79966196595505e-12
5.884014196017029e-12
5.7389401390828265e-12
5.835739877446677e-12
5.785435932409433e-12
5.7376690204558045e-12
6.114460066736216e-12
6.098199202553278e-12
5.69472984393582e-12
5.6794859613906734e-12
5.8044910024313e-12
5.825832004313636e-12
5.705400995398291e-12
5.7793379457105054e-12
5.8324369639484175e-12
5.745546833441084e-12
5.657889955157369e-12
5.686600929727392e-12
5.70108110026224e-12
5.845142078686472e-12
5.98462989234716e-12
5.962526045816263e-12
5.702860926548592e-12
5.8779179440415774e-12
5.853781001596836e-12
5.7607889812627544e-12
5.791023910406423e-12
5.851240065385399e-12
5.7127661975964195e-12
5.8817278304756915e-12
5.6896471041512076e-12
5.729537937843032e-12
5.8413321922523576e-12
5.841329156486275e-12
5.9744661475014116e-12
5.965828091952785e-12
6.001906870806151e-12
5.722425137910658e-12
5.842856146826003e-12
5.628929180406805e-12
5.700065853347924e-12
6.177977834170845e-12
5.819227044678854e-12
5.979547152562548e-12
5.903577973698226e-12
5.77679614213733e-12
5.769937045513318e-12
5.733349992681491e-12
5.8400619409870735e-12
5.752659199692589e-12
5.82430804973999e-12
6.04535302026199e-12
5.746055107419545e-12
6.101758855125983e-12
5.740716929603096e-12
5.845652087388409e-12
5.970906928609576e-12
6.037728910585072e-12
5.6474729406841284e-12
5.980562833157732e-12
5.641119949634232e-12
5.7991549930191955e-12
5.876141153521308e-12
5.930764993694604e-12
5.80093395194381e-12
5.852512918735897e-12
5.940420030881022e-12
5.810079847790028e-12
6.177724130862483e-12
5.660684160996299e-12
5.918317051711863e-12
5.839551932285136e-12
5.895448192128061e-12
5.7414802079325256e-12
5.952870141268107e-12
5.5699798072461615e-12
5.827100954536313e-12
5.802709875102341e-12
5.550416896926702e-12
5.662970960218505e-12
5.5417758056119926e-12
5.7907689060554546e-12
5.961254059827503e-12
5.714294055297886e-12
5.746561212993662e-12
5.8964630053615075e-12
5.800930916177727e-12
5.642137798633762e-12
5.5275480373429e-12
5.734618942904168e-12
5.805759952653977e-12
5.633753012712628e-12
5.791789790821067e-12
3.9286612157907186e-12
2.9857910848613e-12
2.7746559390362524e-12
2.9855360805103315e-12
2.719521005958847e-12
2.797011970992469e-12
3.0551520514843222e-12
3.089452955615246e-12
3.1964170893461485e-12
2.849860972209406e-12
2.928623923231788e-12
2.988840078210764e-12
2.860022982331678e-12
2.70199010735106e-12
2.9540309001013787e-12
2.8193710387147686e-12
2.847573956146765e-12
3.1130809735602227e-12
2.9931580217829046e-12
3.0244099325643647e-12
2.7413709323409474e-12
3.590995990149226e-12
3.926881823185235e-12
4.165712046144687e-12
3.972106931565689e-12
4.147163949058674e-12
4.056969170329605e-12
4.138780897861016e-12
4.0650989518997704e-12
3.8570127994241865e-12
4.221100032009151e-12
3.93984107491252e-12
4.201027980349492e-12
4.037657794914162e-12
4.222623986582796e-12
4.165967050495656e-12
4.063574997326125e-12
3.992178983225347e-12
4.2391389877549646e-12
4.1392891718394775e-12
4.153771077097801e-12
4.147925926345497e-12
3.919004877561694e-12
4.204330893847752e-12
3.87124013401241e-12
3.946445167185564e-12
3.863109918761376e-12
4.189342015653574e-12
4.160376036732583e-12
4.2909707904936756e-12
4.222624853944534e-12
4.149704885270111e-12
3.961182944156594e-12
3.978459922615585e-12
4.2487931575796445e-12
3.9901458873115025e-12
3.859045027976293e-12
4.202296930572169e-12
3.903506858027317e-12
4.274202086013146e-12
3.911637073278351e-12
3.930183869321757e-12
3.9998009244979205e-12
3.907063908514807e-12
3.740898216197941e-12
4.108800973068316e-12
4.205347875485543e-12
4.078310172211941e-12
4.2576870848409776e-12
3.996498878361399e-12
3.967534200483014e-12
4.091523127247587e-12
3.7508099924588034e-12
4.006407185175309e-12
4.062812152677564e-12
3.810768974682466e-12
4.223640968220588e-12
3.86031397819897e-12
3.992941827873908e-12
3.8410052048687415e-12
3.982016973103075e-12
4.137763916223225e-12
4.034861854351757e-12
4.183751001890501e-12
4.329587903473264e-12
4.039690890828007e-12
3.845323798962186e-12
3.960165962518802e-12
3.5864230422261167e-12
3.226145912915701e-12
2.788628919794811e-12
2.7093579116344024e-12
2.8074300696678822e-12
2.999002955694774e-12
3.344542958555463e-12
4.144623880208975e-12
3.929423193077541e-12
4.00717002982387e-12
4.092792944832002e-12
4.178162156531773e-12
4.0823759303587615e-12
3.823471921016175e-12
3.941365029486166e-12
4.188325034015783e-12
4.000817906135712e-12
3.744201997057939e-12
4.1873080523779915e-12
3.861838800134354e-12
3.956353907680343e-12
5.495282180689731e-12
5.338774127644497e-12
5.505191788546249e-12
5.229267106138247e-12
5.325052898630389e-12
5.395431931093375e-12
5.542284946952192e-12
5.325814008555474e-12
5.660940032709005e-12
5.833201977001323e-12
6.114209832874806e-12
5.791278914757392e-12
5.6538250643722865e-12
5.621050066378919e-12
5.797633206849895e-12
5.919841006285509e-12
5.741735212283494e-12
5.841077187901389e-12
5.803981861091101e-12
5.758503916764024e-12
5.921619965210123e-12
5.786454215089831e-12
5.934577048533063e-12
6.0677140395482e-12
5.563883988951579e-12
5.827358994653364e-12
5.469877155384051e-12
5.778069862849566e-12
5.84311201853871e-12
5.796362088222873e-12
5.825073930154634e-12
5.6774559012429116e-12
5.797124932871434e-12
5.626132806163531e-12
5.919844042051592e-12
5.7005771630924684e-12
5.49731787868879e-12
5.7292881376624916e-12
5.699054075880561e-12
5.637313966327939e-12
5.91857292342457e-12
5.568458888438599e-12
5.832187163767877e-12
5.989965034397526e-12
5.859629188115223e-12
5.973705037576327e-12
5.6205417924004575e-12
5.7018461133151455e-12
5.674662996446589e-12
5.6960031309671866e-12
5.542288850080013e-12
5.942960967092459e-12
5.800936120348155e-12
5.6058079185572485e-12
5.844888809058979e-12
5.55321197012737e-12
5.652301977160379e-12
5.518405177262764e-12
5.6985449345403616e-12
5.892147880715015e-12
5.522976173621963e-12
5.587765059683614e-12
5.732081042458814e-12
5.757993908062087e-12
5.6883820570563515e-12
5.6736451474470595e-12
5.856579110563587e-12
5.998351988723005e-12
5.668307836992348e-12
5.6639901102606416e-12
5.753932053043087e-12
5.7882318729718385e-12
5.51256002651046e-12
6.060347102626595e-12
5.7600300397420146e-12
5.894942086553945e-12
5.928482964961956e-12
5.594373055084478e-12
5.914763036990456e-12
5.745548134483691e-12
5.863690175772485e-12
6.066442920921178e-12
5.629689856651021e-12
5.791281950523475e-12
5.8240552137933665e-12
5.696514007030862e-12
5.586751981173643e-12
5.719884201699221e-12
5.6909208248634435e-12
5.505448093939824e-12
5.690412984565851e-12
5.697017076838895e-12
5.870551007119973e-12
5.806527134111228e-12
5.742498924293793e-12
5.69752795290257e-12
5.757235833903085e-12
5.8758891849364225e-12
5.8055110198351745e-12
5.825582204133095e-12
5.639347062241784e-12
5.835998784925467e-12
5.884781811155149e-12
5.799409997370164e-12
5.717348035977343e-12
5.789757128588091e-12
6.095408032480432e-12
5.792298932161266e-12
5.423635065365806e-12
5.74783406634416e-12
5.295076009603772e-12
5.540002918219544e-12
5.391624213063606e-12
5.6947320123401646e-12
5.498840965900698e-12
5.499350974602635e-12
5.568965861374453e-12
5.77705504961612e-12
5.5737940304889655e-12
5.5168807890082494e-12
5.564648134642747e-12
5.856324973574356e-12
5.695242021042102e-12
5.851751808810812e-12
5.710233067640624e-12
5.657131013636629e-12
5.58243295339933e-12
5.421604137856306e-12
5.684317166271269e-12
5.595645041073238e-12
5.264077802130673e-12
5.501381034750397e-12
5.4233809283765755e-12
5.5295850363845656e-12
5.511546080638752e-12
5.668310005396693e-12
5.373331120328562e-12
5.484614932355081e-12
5.492743846563508e-12
5.607841014471093e-12
5.6723748961817755e-12
5.773750835075253e-12
5.641377989751284e-12
5.631467948213897e-12
5.7856918041221395e-12
5.366217019353581e-12
5.757742806838939e-12
5.48842698719354e-12
5.884528107846787e-12
5.747582965121012e-12
6.002926888210025e-12
5.714043821436476e-12
5.633248208181119e-12
5.439136120666266e-12
5.570236112639737e-12
5.49274297920177e-12
5.3791728016339135e-12
5.622321185005941e-12
5.627657194418045e-12
5.529333935161418e-12
5.5725229118619435e-12
5.595137200775646e-12
5.420333886591022e-12
5.471656981670403e-12
5.509258847735676e-12
5.542795823015867e-12
5.62333903400547e-12
5.7562179849035555e-12
5.315654166837547e-12
5.452345172574091e-12
5.5552468007646905e-12
5.821261875316175e-12
5.638075943614762e-12
5.596659854306685e-12
5.792553936512235e-12
5.416776836103532e-12
5.775021953702275e-12
5.484869069344311e-12
5.630451833937844e-12
5.762063135655859e-12
5.5059559342374165e-12
5.570746988703412e-12
5.558553183709902e-12
5.23943301938834e-12
5.673138174511205e-12
5.6192758779438634e-12
5.64239713979342e-12
5.666278210525455e-12
5.661960917474618e-12
5.775276958053244e-12
5.594376090850561e-12
5.438374143379443e-12
5.7010880391561436e-12
5.504180011078885e-12
5.571001993054381e-12
5.534415807584292e-12
5.634776065882585e-12
5.586245875599527e-12
5.47826410970953e-12
5.668313041162776e-12
5.559313859954118e-12
5.331408925446368e-12
5.657134049402712e-12
5.580912034591767e-12
5.678223082700162e-12
5.567447978332973e-12
5.484872105110394e-12
5.7305609910129895e-12
5.5359388947962e-12
5.3113399095527924e-12
5.3766370695929044e-12
5.498339197135271e-12
5.314131946987377e-12
5.54483412310014e-12
5.750888047023617e-12
5.4495540025012446e-12
5.634014088595762e-12
5.8080528234083495e-12
5.61165393667129e-12
5.760288079859066e-12
5.6070790371842705e-12
5.788744917439859e-12
5.361391018643413e-12
5.621054836868478e-12
5.8797029744983575e-12
6.05044096421703e-12
5.8291388209397166e-12
5.558299046720672e-12
5.93534596471379e-12
5.684827174973206e-12
5.640619048230544e-12
5.853025963203917e-12
5.919340104881821e-12
5.896472980021494e-12
5.878940997211535e-12
5.914001927065371e-12
6.0014029336363794e-12
5.873859124788661e-12
5.8342250301712806e-12
5.793570050788288e-12
5.591835154639124e-12
5.867761138089733e-12
5.752156997246294e-12
6.161723908881811e-12
5.748854083748034e-12
6.080423057414075e-12
5.970915168546087e-12
5.728782032088375e-12
5.881733902007857e-12
5.681522960432339e-12
5.904855163857414e-12
5.740723001135262e-12
5.660944803198564e-12
5.786710086802538e-12
5.796362955584611e-12
5.900024826338557e-12
6.038751963755029e-12
5.881480198699496e-12
5.8189768108174444e-12
5.7452961658988055e-12
5.6365519890411164e-12
6.10430412814611e-12
5.88732101264311e-12
5.799923909199922e-12
6.120058019393193e-12
5.6134320282341665e-12
5.4681007985446506e-12
5.696766842977485e-12
5.863187973326189e-12
5.783915880963608e-12
5.941440915646634e-12
5.6896540430451115e-12
5.922892818560621e-12
5.858361105254284e-12
5.793570050788288e-12
5.691180166023102e-12
6.254461792226662e-12
5.542293186888703e-12
5.924925047112728e-12
5.892406788193805e-12
5.716082121520749e-12
5.913491918363434e-12
5.77832703560488e-12
6.056029809575758e-12
5.6492579711409086e-12
5.981332183019328e-12
5.852009848927864e-12
5.864711927899835e-12
5.748092973822949e-12
5.981840890678658e-12
5.68990904739608e-12
5.851247004279303e-12
5.753428115873316e-12
5.774262144819797e-12
5.788996018663006e-12
5.964053036155992e-12
5.659419981263181e-12
5.776293072329297e-12
5.722429908400217e-12
5.8977388944780884e-12
5.668568045513744e-12
5.818214833530622e-12
5.752666138586493e-12
5.734117174138742e-12
5.643666957377835e-12
5.817199152935437e-12
5.965831995080606e-12
5.745549869207167e-12
5.7562188522652935e-12
5.52425379746202e-12
5.750375869917335e-12
6.014360016959319e-12
5.804496206601728e-12
5.9053630041550065e-12
5.955162144660742e-12
5.840826954039979e-12
5.678982024220902e-12
5.994540801246284e-12
5.888593865993608e-12
5.802209841060391e-12
5.922133009678143e-12
5.798906927562131e-12
6.125645997390183e-12
5.6838110606971526e-12
5.9175589775528614e-12
5.909430063344434e-12
5.593104972223539e-12
5.691180166023102e-12
5.928485133366301e-12
5.853023794799572e-12
5.858868078190138e-12
5.978030136882806e-12
5.658402999625389e-12
5.7043900852926654e-12
5.885288784091003e-12
5.739199046561616e-12
5.9828548365503664e-12
5.735641128712388e-12
5.935852937649644e-12
5.743770042920815e-12
5.7242071326013555e-12
5.601487156059459e-12
5.833966990054229e-12
5.867761138089733e-12
5.703628108005843e-12
5.880717787731804e-12
5.790013867662536e-12
5.914765205394801e-12
5.788996886024744e-12
5.807796951695643e-12
5.525014907387105e-12
5.834476131394428e-12
5.767655016780671e-12
5.791536954874443e-12
5.7440259146335215e-12
5.918068118893061e-12
6.053995846300175e-12
5.82812400770627e-12
5.787979904386953e-12
5.802209841060391e-12
5.929754083588978e-12
5.669330022800567e-12
5.755204039031847e-12
5.627151956205667e-12
5.749617795758333e-12
5.720141808135404e-12
5.597931840295445e-12
5.7836630450169846e-12
5.823552143985333e-12
5.6467170349294715e-12
5.545339794993387e-12
5.881991074763171e-12
5.9930198824387215e-12
5.737168119052116e-12
5.8868170754733384e-12
5.915018041341424e-12
5.58827983887511e-12
5.867254165153879e-12
5.850736128215628e-12
5.683049950772068e-12
5.835239843404727e-12
5.7183671860194796e-12
5.830667112322052e-12
5.844132035942584e-12
5.78976189907765e-12
5.942205061337802e-12
5.782137789400732e-12
5.76816415812087e-12
5.6678052008651836e-12
5.571002860416119e-12
5.663231168739902e-12
5.884783979559494e-12
5.91451106840557e-12
5.734370877447104e-12
5.658148862636159e-12
5.799415201540592e-12
6.023001108274029e-12
5.824312820229549e-12
5.75037803832168e-12
5.551439082734921e-12
5.907651971781558e-12
5.687117009961495e-12
5.884024170677016e-12
5.710236103406707e-12
5.816185207063729e-12
5.7094749934816225e-12
5.840319981104125e-12
5.70413811670778e-12
5.785948976877453e-12
5.761814202837057e-12
5.692959992309454e-12
5.922897155369311e-12
5.7676580525467536e-12
5.416019195625399e-12
5.9040949212940674e-12
5.714811002893727e-12
5.7613067962203335e-12
5.640874052581513e-12
5.825839810569278e-12
5.68915010587534e-12
5.6787317903594925e-12
5.819996828221319e-12
5.698803842019151e-12
5.505452864429383e-12
5.817964165988343e-12
5.8573458583399685e-12
5.864459091953211e-12
5.754697933457731e-12
5.615720995860718e-12
5.447523942353483e-12
5.650022116832076e-12
5.585995208057248e-12
5.6876261513016946e-12
5.907144131483966e-12
5.5788798060396605e-12
5.695756800233598e-12
5.798147986041391e-12
7.48850634280096e-12
7.213341902956305e-12
7.35841942933746e-12
7.373406572808161e-12
7.19555795156146e-12
7.259328988623581e-12
7.490537703991329e-12
7.435910394371081e-12
7.149314126819739e-12
7.415074630701124e-12
7.296678886103969e-12
7.496127850392664e-12
7.50044557712437e-12
7.372140224670698e-12
7.519757386220682e-12
7.259328988623581e-12
7.308111581172394e-12
7.226299853640983e-12
7.315223947423899e-12
7.471991775309661e-12
7.420922383538642e-12
7.1798057950378524e-12
7.407459194641586e-12
7.402883861473697e-12
7.438201096721109e-12
7.586327399611292e-12
7.343938825121743e-12
7.286010336726712e-12
7.558123397977123e-12
7.588103756450693e-12
7.540082273826965e-12
7.40262798976099e-12
7.510101047991657e-12
7.622657713368675e-12
7.374426590212035e-12
7.40644004459945e-12
7.381283084750834e-12
7.399074408720452e-12
7.254502987913414e-12
7.475041419180428e-12
7.412794336691952e-12
7.71539776511787e-12
7.579973974880527e-12
7.511629339373993e-12
7.514678115883022e-12
7.567522997131704e-12
7.348763958470172e-12
7.538304182264088e-12
7.4869797861421e-12
6.997128137314901e-12
8.901420399387572e-12
-2.00236303232737e-11
4.623041858185795e-13
-1.712191993004028e-13
-3.972587883649403e-12
-5.274086831326408e-13
4.854975796386718e-12
6.546149039499127e-12
8.865896840466736e-13
-1.6711980107067537e-12
3.277982052463102e-12
3.530888081915151e-10
2.4395679920630187e-10
2.6838320454913855e-10
1.107218969287338e-10
8.440788346053552e-11
7.401901314096904e-11
6.037897959387806e-11
5.113294163083815e-11
4.81112302774811e-11
3.824120881068538e-11
3.675434956385004e-11
3.433047943146583e-11
3.4010339683421265e-11
3.117513885930734e-11
3.0107010634550235e-11
2.5231060296615482e-11
2.63286493301651e-11
2.480548925987147e-11
2.5042769941086007e-11
2.3574739382858922e-11
2.3744960858662623e-11
2.8381990768017173e-12
2.5797081137923783e-10
-3.0485369784116756e-10
3.9036401064743154e-14
1.8710070114318772e-14
1.7948060640243964e-14
5.707637325009368e-14
3.1159939944047296e-14
-8.984759686464852e-15
6.77474027398206e-14
2.1250940257185914e-14
4.1323118971786643e-14
3.725796052429266e-14
4.488022028125392e-14
4.7421271689171776e-14
6.469851781057412e-14
4.259325842872162e-14
3.471728858713517e-14
-1.4949440340153441e-13
6.574552100652165e-13
3.88367983605864e-12
8.0789567744044e-12
1.4586599289545532e-11
1.384612979826727e-10
2.167425960930558e-11
-1.7476269726073718e-13
1.0571430016093064e-11
1.8741719981507643e-11
-7.13378705066714e-12
-8.295406028757668e-12
-6.8674540880386825e-12
-6.411377071607882e-12
-6.0950420058270005e-12
-6.385462037600265e-12
-5.553336002855902e-12
-5.142230825178062e-12
-4.9559878770311094e-12
-4.629744938117186e-12
-4.114208106142936e-12
-3.002596001694391e-12
-3.365172073291345e-12
-2.3099640689833167e-12
-2.2604179812646397e-12
-3.0427390208115357e-12
-7.123129126471173e-13
-2.209610099057624e-12
-1.9491680405131495e-12
-2.4004190562337824e-12
-2.0190409674020193e-12
-1.675018956003027e-12
-1.5370419780696976e-12
-7.488942734175386e-13
-9.31582935792541e-13
-1.1305080135914913e-12
-1.455483953846648e-12
-1.3381110455790157e-12
-4.831273185332274e-13
-2.3572328984589053e-12
-1.4356779654001173e-12
-9.165915639333666e-13