2.4255439257103717e-07
2.42556495777535e-07
2.425501008929132e-07
2.425130105621065e-07
2.424860099381476e-07
2.425420859708538e-07
2.42682290263474e-07
2.4113879248943704e-07
2.407311114893673e-07
2.407768135981314e-07
2.4070570248113654e-07
2.405377870218217e-07
2.4046369162533665e-07
2.404825067969796e-07
2.3986419250832114e-07
2.407408032922831e-07
2.3918320835036866e-07
2.3887369593467156e-07
2.3870870791142806e-07
2.386717028457497e-07
2.3817520400370995e-07
2.3759889700158965e-07
2.371307061821426e-07
2.3681150196352974e-07
2.3660840042794007e-07
2.3652980019051029e-07
2.3648630076422705e-07
2.3592680520323484e-07
2.3523159597971244e-07
2.3488429690132762e-07
2.3448509978152288e-07
2.34283305644567e-07
2.341842986197662e-07
2.343619058819968e-07
2.337586977319006e-07
2.333757009864712e-07
2.3310950325594604e-07
2.329413035795369e-07
2.328224013581348e-07
2.32674494782259e-07
2.3206050059343397e-07
2.3265509696557274e-07
2.3119520164982532e-07
2.3186539976904896e-07
2.3161850037922704e-07
2.312451954367134e-07
2.3340190580256603e-07
2.3113790348361363e-07
2.3078000310761126e-07
2.2981889458151272e-07
2.2950200673221843e-07
2.2920539777260274e-07
2.2903310537003563e-07
2.2858870352138183e-07
2.2806729305102635e-07
2.276678969792556e-07
2.2746820604879758e-07
2.2739439486940682e-07
2.2733189553036937e-07
2.273122987617171e-07
2.2661150467229163e-07
2.2618789330408617e-07
2.259013029970447e-07
2.2567110136151314e-07
2.2555350653874484e-07
2.2550389644493407e-07
2.2544459454820753e-07
2.2353769679739344e-07
2.23670298282741e-07
2.2388350373603316e-07
2.2386569753507501e-07
2.236562011148635e-07
2.2413489375594509e-07
2.2333959748266352e-07
2.2290809909009113e-07
2.2261019694269635e-07
2.2248829623094935e-07
2.2241090391617035e-07
2.223313941840388e-07
2.2229889395930513e-07
2.2088410389642377e-07
2.2179179381964786e-07
2.213521952398878e-07
2.2119459686109622e-07
2.208802953873601e-07
2.1996099519583368e-07
2.1887349532789813e-07
2.189345025271905e-07
2.1931940352715174e-07
2.1917369963375677e-07
2.1899759872212599e-07
2.1883559497837268e-07
2.1900319779888378e-07
2.1926109639025526e-07
2.1886549461669347e-07
2.1851859344224067e-07
2.1826450335993286e-07
2.1823530005349312e-07
2.1837610120201134e-07
2.2026540591468802e-07
2.182678997542098e-07
2.2062299365188665e-07
2.1776109804250154e-07
2.1727909427227132e-07
2.1705399433358252e-07
2.168598030038993e-07
2.1656960313976015e-07
2.1545220363350381e-07
2.1535130656502588e-07
2.152642935016047e-07
2.1508600411834777e-07
2.150505054032692e-07
2.1516270010124572e-07
2.1487899459771143e-07
2.1457910293065652e-07
2.1440619946133666e-07
2.143165005463743e-07
2.1427000262974616e-07
2.1416400386442547e-07
2.1394609461822256e-07
2.1368650493513996e-07
2.1399840477442922e-07
2.13764394629834e-07
2.1348400025544834e-07
2.1331790378553706e-07
2.135249985713017e-07
2.1381140413723188e-07
2.1258850324556988e-07
2.1234160385574796e-07
2.1226419733011426e-07
2.1205789835221367e-07
2.1193689292431372e-07
2.116283042141731e-07
2.1113029902153357e-07
2.10997200156271e-07
2.1074279743515945e-07
2.1060199628664122e-07
2.105226002413474e-07
2.1104820291384385e-07
2.1173630671000865e-07
2.1057680044123117e-07
2.1014659523643786e-07
2.0992079896586802e-07
2.0979059911496734e-07
2.0975249981347588e-07
2.096467994761042e-07
2.094357967052929e-07
2.0905240205593145e-07
2.090215929229089e-07
2.0911110709675995e-07
2.0888869300961233e-07
2.0893459407034243e-07
2.082159937799588e-07
2.0794389854472684e-07
2.0771379638517828e-07
2.07645300065451e-07
2.0772930042767257e-07
2.077871954497823e-07
2.0774000120127312e-07
2.0763289398928464e-07
2.0745139295286208e-07
2.0758029961598368e-07
2.0735240013891598e-07
2.071388962576748e-07
2.075547058666416e-07
2.0684430523942865e-07
2.065252999727818e-07
2.0644189646645827e-07
2.0633829933558445e-07
2.062359953924897e-07
2.061983934709133e-07
2.060880035514856e-07
2.059419017541586e-07
2.0610730189218884e-07
2.0599100025719963e-07
2.0585450499766011e-07
2.0573570225224103e-07
2.0600549532900914e-07
2.054800063433504e-07
2.051159952998205e-07
2.0494739771947934e-07
2.0485609297793417e-07
2.0482269746935344e-07
2.0478259443734714e-07
2.046757998641624e-07
2.0452350213417958e-07
2.0444269921426894e-07
2.0429659741694195e-07
2.0417570567587973e-07
2.0408970158314332e-07
2.0422309887635492e-07
2.0405019540703506e-07
2.0395729904976179e-07
2.0389789767705224e-07
2.0366670128169062e-07
2.035960022794825e-07
2.0346979567875678e-07
2.0333250461135322e-07
2.0316120696861617e-07
2.033468007311967e-07
2.0328150185378036e-07
2.030571977229556e-07
2.0296999991842313e-07
2.0318420013154537e-07
2.0287269819618814e-07
2.0269189349164662e-07
2.027100975965368e-07
2.0262059763354046e-07
2.0256149468877993e-07
2.0239680509348545e-07
2.023315062160691e-07
2.0191760086163413e-07
2.018628038058523e-07
2.017708027324261e-07
2.0173899883957347e-07
2.0163149372365297e-07
2.016248998870651e-07
2.0189540350656898e-07
2.019602050040703e-07
2.0163270164630376e-07
2.0145080270594917e-07
2.0133880695993867e-07
2.0130319455802237e-07
2.012748012703014e-07
2.0148679880094278e-07
2.0139890466452925e-07
2.0148650037299376e-07
2.012905042647617e-07
2.0106330111957504e-07
2.009005015679577e-07
2.0103479414501635e-07
2.0087010454972187e-07
2.0090129737582174e-07
2.0089549934709794e-07
2.0086270069441525e-07
2.0084830509858875e-07
2.008664949926242e-07
2.0019429314288573e-07
2.000230949761317e-07
2.000303993554553e-07
2.000948029490246e-07
2.0011829349186883e-07
2.001550996055812e-07
2.0021469993025676e-07
1.9984669563655189e-07
1.9969169784417318e-07
1.9965409592259675e-07
1.996561991290946e-07
1.9984800303518568e-07
1.9963799502420443e-07
1.9953499474922864e-07
1.9948660678892338e-07
1.9939299988891435e-07
1.9941350615226838e-07
1.9942909545989096e-07
1.994383040937464e-07
1.9976479848082818e-07
1.9950670093749068e-07
1.993264930888472e-07
1.992419953467106e-07
1.9909529669348558e-07
1.987744013831616e-07
1.9882999424680747e-07
1.9858019584262365e-07
1.9893569458417915e-07
1.9890329383542849e-07
1.986052069469224e-07
1.9870020651069353e-07
1.9879850299275859e-07
1.988706941347118e-07
1.9834909892324504e-07
1.9878119417171547e-07
1.9919910698718013e-07
1.9908729598228092e-07
1.9941160189773655e-07
1.9930880057472677e-07
1.9867650280502858e-07
1.9859560040913493e-07
1.9852859622915275e-07
1.9855869481943955e-07
1.9858579491938144e-07
1.9857719735227874e-07
1.987226028177247e-07
1.984289070833256e-07
1.9823339414415386e-07
1.9836349451907154e-07
1.9835110265375988e-07
1.9834820363939798e-07
1.9869490586188476e-07
1.9893249714186823e-07
1.9877769830145553e-07
1.9864990008500172e-07
1.985749946697979e-07
1.985306994356506e-07
1.9854010702147207e-07
1.9870880407779623e-07
1.9876199530699523e-07
1.98909106075007e-07
1.9871089307343937e-07
1.9841040455048642e-07
1.984332982374326e-07
1.985148969652073e-07
1.9795220396190416e-07
1.9776290116624295e-07
1.9797799666321225e-07
1.9785500171565218e-07
1.9798490313860384e-07
1.9804099338216474e-07
1.984719943948221e-07
1.984547992606167e-07
1.9846109466925554e-07
1.983658961535184e-07
1.983212030154391e-07
1.9901879966255365e-07
1.9867289324793092e-07
1.9842559595417697e-07
1.9834669728879817e-07
1.9837959541746386e-07
1.984431037271861e-07
1.983357975632316e-07
1.984187036896401e-07
1.9830109465601709e-07
1.982165969138805e-07
1.9833510123135056e-07
1.9845569454446377e-07
1.9846500265430222e-07
1.9951960439357208e-07
1.9881420598721888e-07
1.9865589706569153e-07
1.9857550626056764e-07
1.98665404127496e-07
1.9867620437707956e-07
1.9870630296736636e-07
1.987011017945406e-07
1.9871200152010715e-07
1.9911959725504857e-07
1.9864130251789902e-07
1.982870969641226e-07
1.9800350514742604e-07
1.9852980415180355e-07
1.987271929237977e-07
1.988103974781552e-07
1.9896309311207006e-07
1.990454023825805e-07
1.990942024576725e-07
1.990452034306145e-07
1.989491948961586e-07
1.989907048027817e-07
1.9895909986189508e-07
1.9886149971171108e-07
1.9881829871337686e-07
1.988059068480652e-07
2.027389029990445e-07
2.0118760346576892e-07
2.005465944421303e-07
2.005133978855156e-07
2.001736021384204e-07
1.9987319888059574e-07
1.9969100151229213e-07
2.004935026889143e-07
1.9990220323506946e-07
1.997105982809444e-07
1.995685039446471e-07
1.9970180176187569e-07
1.9968800302194722e-07
1.998066068154003e-07
1.997448038082439e-07
2.0005390410915425e-07
2.00083206891577e-07
2.0011829349186883e-07
2.0004149803298787e-07
2.000547993930013e-07
2.0074089945865126e-07
2.0085420260329556e-07
2.0032480563259014e-07
2.0022319802137645e-07
2.0019929536374548e-07
2.0049380111686332e-07
2.0065030525984184e-07
2.0044289783527347e-07
2.003429955266256e-07
2.0035510317484295e-07
2.0036640080434154e-07
2.0040380377395195e-07
2.0040519643771404e-07
2.0258640631709568e-07
2.023403027351378e-07
2.014642035419456e-07
2.013421038782326e-07
2.0082910623386852e-07
2.019501010863678e-07
2.012747017943184e-07
2.0146069346083095e-07
2.0122109845033265e-07
2.0105780151880026e-07
2.0109109755139798e-07
2.0114200083298783e-07
2.0117829535593046e-07
2.0128230460159102e-07
2.0176290149720444e-07
2.0172140580143605e-07
2.0158910274403752e-07
2.0141889933711354e-07
2.0229259689585888e-07
2.0242079301624472e-07
2.0252579702173534e-07
2.024291063662531e-07
2.0246679355295782e-07
2.0222159946570173e-07
2.0196620198476012e-07
2.0194680416807387e-07
2.0157330027359421e-07
2.0170020320620097e-07
2.0109909826260264e-07
2.0104630493733566e-07
2.010958013443087e-07
2.0150770296822884e-07
2.0136199907483388e-07
2.0168680237020453e-07
2.0195429328850878e-07
2.0218060114984837e-07
2.022540996904354e-07
2.023501934900196e-07
2.03216004024398e-07
2.032061985346445e-07
2.028576062684806e-07
2.027458947395644e-07
2.027215941780014e-07
2.0270940126465575e-07
2.0220029739448364e-07
2.031488008924498e-07
2.031171959515632e-07
2.0316349491622532e-07
2.0310939419232454e-07
2.0321539295764524e-07
2.0329629535353888e-07
2.036949950934286e-07
2.030758992077608e-07
2.033580983606953e-07
2.0350050533579633e-07
2.0335269823590352e-07
2.0380490184379596e-07
2.0412680612480472e-07
2.0395549427121296e-07
2.0386950438933127e-07
2.0402819700393593e-07
2.0419599877641303e-07
2.0427630431640864e-07
2.042859961193244e-07
2.042156950210483e-07
2.041439017830271e-07
2.0412790036061779e-07
2.0437400394257565e-07
2.0431359359918133e-07
2.0579579995683162e-07
2.0499679465046938e-07
2.0510779563664983e-07
2.0527190258690098e-07
2.0542289291825e-07
2.0544379708553606e-07
2.0539910394745675e-07
2.0490350038926408e-07
2.052075984693147e-07
2.0529110145162122e-07
2.0551340185193112e-07
2.05832705546527e-07
2.056580967746413e-07
2.0597599359462038e-07
2.0671970446528576e-07
2.0576500503466377e-07
2.0590809413079114e-07
2.060778996337831e-07
2.062456019302772e-07
2.0635650344047463e-07
2.0743840423165238e-07
2.071707001505274e-07
2.0707969383693126e-07
2.0705769543383212e-07
2.069453017838896e-07
2.0815529921947018e-07
2.0776749920514703e-07
2.0756749563588528e-07
2.0756439766955737e-07
2.0760309382694686e-07
2.075547058666416e-07
2.0760019481258496e-07
2.0763420138791844e-07
2.0796410638013185e-07
2.0778099951712647e-07
2.0781210707809805e-07
2.0794179533822899e-07
2.0791959798316384e-07
2.0843779680035368e-07
2.079978997926446e-07
2.0798249522613332e-07
2.0837700276388205e-07
2.0862330529780593e-07
2.0865620342647162e-07
2.0865610395048861e-07
2.0877419615317194e-07
2.0834150404880347e-07
2.0808049328024936e-07
2.0844639436745638e-07
2.0869130423761817e-07
2.087392942939914e-07
2.0899500441373675e-07
2.0939219780302665e-07
2.0972669290131307e-07
2.1014599838053982e-07
2.101386940012162e-07
2.1007339512379986e-07
2.1008740702654904e-07
2.0981110537832137e-07
2.1043310027835105e-07
2.1026879437613388e-07
2.103463003777506e-07
2.1028679952905804e-07
2.115938997349076e-07
2.1164019869956974e-07
2.1174919595523534e-07
2.1089030610710324e-07
2.1097270064274198e-07
2.1093160285090562e-07
2.1102430025621288e-07
2.1110369630150672e-07
2.1118269444286852e-07
2.1075139500226214e-07
2.1100839830978657e-07
2.1125519822362548e-07
2.1130459515461553e-07
2.11509302516788e-07
2.1211309331192751e-07
2.1241750403078186e-07
2.1242270520360762e-07
2.1239270608930383e-07
2.1247230108656368e-07
2.1253219983918825e-07
2.1273980621572264e-07
2.1264949623400753e-07
2.1260629523567331e-07
2.1270710703902296e-07
2.1263589644604508e-07
2.1337550037969777e-07
2.1396400029516371e-07
2.1391960558503342e-07
2.1338090050448955e-07
2.1334689392915607e-07
2.1342839318094775e-07
2.133728997932849e-07
2.135033980721346e-07
2.1367290514717752e-07
2.1338260580705537e-07
2.1363040048072435e-07
2.1337069711080403e-07
2.134204066805978e-07
2.1394299665189465e-07
2.1423440443868458e-07
2.141431991731224e-07
2.142490984624601e-07
2.144327027053805e-07
2.144615933730165e-07
2.145000053133117e-07
2.150519975430143e-07
2.1527070259708125e-07
2.1532819971525896e-07
2.154564953116278e-07
2.1539770500567101e-07
2.160802949902063e-07
2.1520349946513306e-07
2.1526490456835745e-07
2.1544269657169934e-07
2.1559070262355817e-07
2.1571609920556511e-07
2.1572489572463383e-07
2.1606909683669073e-07
2.158336940283334e-07
2.1612220280076144e-07
2.1618079415475222e-07
2.1629600155392836e-07
2.1626560453569255e-07
2.159395933176711e-07
2.162867929200729e-07
2.1634569691286742e-07
2.1645830372563069e-07
2.1663829841145343e-07
2.1673649541753548e-07
2.1676750350252405e-07
2.1680159534298582e-07
2.1769649549696624e-07
2.182350016255441e-07
2.181949980695208e-07
2.178692994903031e-07
2.1938609506833018e-07
2.1884760315060703e-07
2.1901010427427536e-07
2.185964973477894e-07
2.1837219321696466e-07
2.1827860052781034e-07
2.1819009532464406e-07
2.1852829945601115e-07
2.181104008514012e-07
2.1834920005403546e-07
2.1832480001648946e-07
2.184631000545778e-07
2.187556020771808e-07
2.2181889391958975e-07
2.2076250161262578e-07
2.2009409406109626e-07
2.1984300246913335e-07
2.1952209294795466e-07
2.1936020289103908e-07
2.1936840255420975e-07
2.1901169589000347e-07
2.1905169944602676e-07
2.1929099602857605e-07
2.195152006834178e-07
2.1949449546809774e-07
2.192729056105236e-07
2.197836010964238e-07
2.1978020470214688e-07
2.2004479660608922e-07
2.2006089750448155e-07
2.2001590593845322e-07
2.2005990274465148e-07
2.209908984696085e-07
2.2106779340447247e-07
2.2126229737295944e-07
2.21439506731258e-07
2.2151739642595203e-07
2.2220129380912113e-07
2.213521952398878e-07
2.2114450359822513e-07
2.2121800213881215e-07
2.212830025882795e-07
2.2130269883291476e-07
2.2123620624370233e-07
2.2131300170258328e-07
2.2096310203778557e-07
2.2081970030285447e-07
2.207669069775875e-07
2.2105200514488388e-07
2.2104470076556026e-07
2.2155890633257513e-07
2.2108150687927264e-07
2.2148360301343928e-07
2.2126970122826606e-07
2.215943055716707e-07
2.2190799597865407e-07
2.2206340588581952e-07
2.2297570012597134e-07
2.228273956461635e-07
2.2267460053626564e-07
2.225293940227857e-07
2.2245400543852156e-07
2.2283209943907423e-07
2.2266030441642215e-07
2.225261965804748e-07
2.224760038416207e-07
2.225491044782757e-07
2.225964976787509e-07
2.2271579780408501e-07
2.227916979791189e-07
2.2359689921813697e-07
2.2394759469079872e-07
2.2367279939317086e-07
2.234524032473928e-07
2.2345659544953378e-07
2.2750749906208512e-07
2.26559492944034e-07
2.2548950084910757e-07
2.246913055614641e-07
2.2443430225393968e-07
2.2420729806071904e-07
2.2404950072996144e-07
2.2438040048200492e-07
2.240246033125004e-07
2.2405440347483818e-07
2.2407370181554143e-07
2.2410580413634307e-07
2.242025942678083e-07
2.2432300283981021e-07
2.2435949631471885e-07
2.245022017177689e-07
2.2459299486854434e-07
2.245191979000083e-07
2.2445399849857495e-07
2.2520079312471353e-07
2.2496310236874706e-07
2.247384998099733e-07
2.247286943202198e-07
2.2471620297892514e-07
2.249277031296515e-07
2.2512520558848337e-07
2.2503429875087022e-07
2.249510941965127e-07
2.2499280305510183e-07
2.249565937972875e-07
2.2491090589937812e-07
2.24990799324587e-07
2.2509530595016258e-07
2.2480540451397246e-07
2.2496550400319393e-07
2.2459440174316114e-07
2.2458610260400746e-07
2.2556629630798852e-07
2.2478529615455045e-07
2.2482639394638682e-07
2.2463059679012076e-07
2.245997023919699e-07
2.2457909665263287e-07
2.2487539297344483e-07
2.253524939987983e-07
2.254038946603032e-07
2.2497749796457356e-07
2.2514829822739557e-07
2.2507920505177026e-07
2.2539579447311553e-07
2.2525989606947405e-07
2.2531010301918286e-07
2.2543009947639803e-07
2.254441966442755e-07
2.255302007370119e-07
2.254856070749156e-07
2.255427062891613e-07
2.2571029489881766e-07
2.24503693857514e-07
2.2480939776414743e-07
2.2469239979727718e-07
2.2681159350668167e-07
2.274053940709564e-07
2.2679120093016536e-07
2.26140997483526e-07
2.2583759573535644e-07
2.2576010394459445e-07
2.2570390001419582e-07
2.2585520298434858e-07
2.2561259527265065e-07
2.2559220269613434e-07
2.2558700152330857e-07
2.2540919530911196e-07
2.2634939966792444e-07
2.2637669871983235e-07
2.2588190518035844e-07
2.2564239543498843e-07
2.2546889510977053e-07
2.2536970334385842e-07
2.2527690646256815e-07
2.252676978287127e-07
2.2701270552261121e-07
2.327103061361413e-07
2.281382052160552e-07
2.2664920606985106e-07
2.2664640653147217e-07
2.2552049472324143e-07
2.24791705250027e-07
2.2490540629860334e-07
2.2476119454495347e-07
2.248418979888811e-07
2.249264952070007e-07
2.2493669860068621e-07
2.251701971545117e-07
2.2708100289037247e-07
2.3213769395624695e-07
2.282886981674892e-07
2.2824960410616768e-07
2.258095008755845e-07
2.248319930231446e-07
2.2480109862499376e-07
2.2465529525561578e-07
2.244520942440431e-07
2.2432679713801917e-07
2.2424430312639743e-07
2.234810949630628e-07
2.237348013522933e-07
2.2366859298017516e-07
2.234768032849388e-07
2.2333880167479947e-07
2.2328140403260477e-07
2.228877065135748e-07
2.227456974424058e-07
2.2283630585206993e-07
2.2285870215910109e-07
2.2286960188466765e-07
2.2295570545338705e-07
2.2333020410769677e-07
2.2279479594544682e-07
2.2254700127177784e-07
2.2241900410335802e-07
2.2228209672903176e-07
2.2248690356718726e-07
2.2226440421491134e-07
2.2232670460198278e-07
2.223140000978674e-07
2.222981976274241e-07
2.2219110462629033e-07
2.220101009697828e-07
2.2166190660755092e-07
2.246353005830315e-07
2.2355669671014766e-07
2.2201240312824666e-07
2.214910068687459e-07
2.2115240483344678e-07
2.200143001118704e-07
2.1990369702962198e-07
2.1998799581979256e-07
2.1985610487718077e-07
2.198050026436249e-07
2.1969509589325753e-07
2.1977250241889124e-07
2.1900909530359058e-07
2.189274965758159e-07
2.187598937553048e-07
2.186422989325365e-07
2.186710048590612e-07
2.1809499628488993e-07
2.1783759507343348e-07
2.1752730106072704e-07
2.1739279532084765e-07
2.1733640664933773e-07
2.1697799468256562e-07
2.1665999838660355e-07
2.1679049666545325e-07
2.165160992717574e-07
2.1631579727454664e-07
2.1623239376822312e-07
2.1617269396756456e-07
2.161774972364583e-07
2.1620259360588534e-07
2.1554480156282807e-07
2.1516369486107578e-07
2.145960991128959e-07
2.146447997120049e-07
2.1458799892570823e-07
2.1442059505716315e-07
2.1418229323444393e-07
2.1390580684510496e-07
2.1369829994455358e-07
2.1364809299484477e-07
2.137443999572497e-07
2.1307940301085182e-07
2.1302460595507e-07
2.130520044829609e-07
2.130232985564362e-07
2.1305399400262104e-07
2.1348870404835907e-07
2.1171470621084154e-07
2.1084190393594326e-07
2.1040540332251112e-07
2.1008200690175727e-07
2.0988800031318533e-07
2.0982349724363303e-07
2.0911420506308787e-07
2.0966710678749223e-07
2.093441935357987e-07
2.0863569716311758e-07
2.0827289404223848e-07
2.062227935084593e-07
2.063878952185405e-07
2.0655909338529455e-07
2.0632990072044777e-07
2.0613609308384184e-07
2.0603440020749986e-07
2.0594299598997168e-07
2.05345202175522e-07
2.040765991750959e-07
2.0401120082169655e-07
2.0386630694702035e-07
2.0365270358979615e-07
2.036693018681035e-07
2.0265160571852903e-07
2.024090974828141e-07
2.022198941631359e-07
2.019829992150335e-07
2.0183590265787643e-07
2.0169569836525625e-07
2.0148179658008303e-07
2.0049560589541215e-07
2.001765011527823e-07
1.9978979537427222e-07
1.9968830144989624e-07
1.9968719300322846e-07
1.9968959463767533e-07
1.987110067602771e-07
2.002453953764416e-07
1.9873969847594708e-07
1.9781009541475214e-07
1.9760460645557032e-07
1.9693260355779785e-07
1.9559489317089174e-07
1.9500390635585063e-07
1.9470310519409395e-07
1.9439180221070274e-07
1.948029932918871e-07
1.9351419666691072e-07
1.9289940667022165e-07
1.92530194453866e-07
1.9225520020427211e-07
1.919639061043199e-07
1.9182290600383567e-07
1.9137280560244108e-07
1.905257960288509e-07
1.8996179562691395e-07
1.89738599942757e-07
1.8939380197480205e-07
1.899307022767971e-07
1.8792670175571402e-07
1.8729379291926307e-07
1.866001042571952e-07
1.8634119669513893e-07
1.8614909436109883e-07
1.8602639784148778e-07
1.8560839976089483e-07
1.8473390639428544e-07
1.8405330592941027e-07
1.836811946986927e-07
1.834932987776483e-07
1.838761960470947e-07
1.8245019361984305e-07
1.8157300019083777e-07
1.8089150444211555e-07
1.8061909656807984e-07
1.804591960308244e-07
1.801869018436264e-07
1.7936309859578614e-07
1.7872820023967506e-07
1.7797219697968103e-07
1.7750039660313632e-07
1.7723390044466214e-07
1.774010058852582e-07
1.7563259291364375e-07
1.746781066458425e-07
1.7425189469122415e-07
1.7397650253769825e-07
1.7371870342230977e-07
1.7352159886740992e-07
1.7265770679841808e-07
1.719485993589842e-07
1.7139259966825193e-07
1.7083090142477886e-07
1.7059279855402565e-07
1.7091639392674551e-07
1.6922220424930856e-07
1.6861029905612668e-07
1.682665953239848e-07
1.6805620361992624e-07
1.6768740351835731e-07
1.6740510488943983e-07
1.660614969978269e-07
1.641715954292522e-07
1.643808928974977e-07
1.6422670512383775e-07
1.6403279801124881e-07
1.6400909430558386e-07
1.6397270030665823e-07
1.6279190617751738e-07
1.619821006215716e-07
1.615190967640956e-07
1.611996935935167e-07
1.6082189802091307e-07
1.5921969520604762e-07
1.5831679434086254e-07
1.5777949613493547e-07
1.573427965695373e-07
1.5713699497155176e-07
1.570416969798316e-07
1.5683339427141618e-07
1.568708967170096e-07
1.5683740173244587e-07
1.568006950947165e-07
1.567188974149758e-07
1.5663400176890718e-07
1.569139982393608e-07
1.5276509657269344e-07
1.5106630257832876e-07
1.5106719786217582e-07
1.5035419664855e-07
1.4994610353369353e-07
1.4877599596729851e-07
1.4814969517829013e-07
1.4800249914515007e-07
1.4714649410052516e-07
1.4656720281891467e-07
1.4862330033338367e-07
1.4661429759144085e-07
1.4429400607696152e-07
1.435683003592203e-07
1.4318580099370593e-07
1.429315972245604e-07
1.4266919379224419e-07
1.4097949474489724e-07
1.3991450487083057e-07
1.3953039967873337e-07
1.3910650409343361e-07
1.3893199479753093e-07
1.3839050438946288e-07
1.3686910449450806e-07
1.35946294221867e-07
1.35454698124704e-07
1.3521109565317602e-07
1.348796985212175e-07
1.343434945511035e-07
1.33817295022709e-07
1.3346370053568535e-07
1.322888039112513e-07
1.3162019740775577e-07
1.3144240540441388e-07
1.309684023453883e-07
1.2941200111526996e-07
1.2837489293815452e-07
1.278111056990383e-07
1.2747200628382416e-07
1.273767935572323e-07
1.2652270697799395e-07
1.25081101032265e-07
1.2458589537800435e-07
1.2424079898210039e-07
1.2397390491969418e-07
1.2369440582915558e-07
1.21802003150151e-07
1.20969104955293e-07
1.2076229438662267e-07
1.2041320474054373e-07
1.2017549977372255e-07
1.1969349600349233e-07
1.1818649880979137e-07
1.1702299929083892e-07
1.1659820131626475e-07
1.1632189966803708e-07
1.1631880170170916e-07
1.1614749695354476e-07
1.15772301967354e-07
1.1423630041917932e-07
1.1342719830054193e-07
1.131407003640561e-07
1.1295669821720367e-07
1.1212429740226071e-07
1.1031870172928393e-07
1.0977800002365257e-07
1.094837998039111e-07
1.0901909774929663e-07
1.0910409997677561e-07
1.0747670131650011e-07
1.0695350027845052e-07
1.06244200992478e-07
1.0592960109079286e-07
1.0563159946741507e-07
1.0546799700250631e-07
1.0494729707488659e-07
1.057874996490682e-07
1.0384550108710755e-07
1.0303529762722974e-07
1.0278620266035432e-07
1.0070959888253128e-07
1.0007550343971161e-07
9.924708876951627e-08
9.883733298465813e-08
9.855519778056987e-08
9.837511782961883e-08
9.730523942153013e-08
9.784110233113097e-08
9.705023273909319e-08
9.628706010289534e-08
9.567403225219095e-08
9.607695261593108e-08
9.698288749859785e-08
9.507463971658581e-08
9.35834378879008e-08
9.281689727913545e-08
9.212246965262239e-08
9.169278314402618e-08
9.25749787938912e-08
9.039999326887482e-08
9.232820730176172e-08
9.052447325075264e-08
9.048473259554157e-08
8.821690045124342e-08
8.663212724968616e-08
8.592402878093708e-08
8.542035345726617e-08
8.522871297600432e-08
8.503538140303135e-08
8.414310315174589e-08
8.296443354538496e-08
8.251981853391044e-08
8.216451874432096e-08
8.185669031490761e-08
8.200090917398484e-08
8.066521672844829e-08
7.989549288822673e-08
7.93880516880563e-08
7.899164700120309e-08
7.87519667255765e-08
7.86117979600931e-08
7.732035101071233e-08
7.661164858063785e-08
7.619212993859037e-08
7.599135187774664e-08
7.599002316283077e-08
7.452837280652602e-08
7.430995196955337e-08
7.485205344437418e-08
7.417114744612263e-08
7.358001852253437e-08
7.317792949379509e-08
7.215005837224453e-08
7.114191191703867e-08
7.083053787937388e-08
7.036739901877809e-08
7.009946756397767e-08
6.967942312030573e-08
6.84326977307137e-08
6.781048256243594e-08
6.762765991652486e-08
6.740987146258703e-08
6.726182988359142e-08
6.66879884647642e-08
6.573395694431383e-08
6.521374018575443e-08
6.48745697162667e-08
6.481236169975091e-08
6.486318682163983e-08
6.347487868652024e-08
6.302772703747905e-08
6.259359253135699e-08
6.233479155071109e-08
6.219183745770351e-08
6.207061176155548e-08
6.134496288723312e-08
6.156970044912669e-08
6.065086211037851e-08
6.033634747382166e-08
6.036761845962246e-08
6.1476001178562e-08
5.9391698670197e-08
5.856873031007126e-08
5.795412150177981e-08
5.764794863694078e-08
5.7384070828447875e-08
5.631815014339736e-08
5.471754960240105e-08
5.388697132957532e-08
5.472110942150721e-08
5.4571430041505664e-08
5.370904077039995e-08
5.3206999695021295e-08
5.291412108476834e-08
5.277080106225185e-08
5.2667299854647354e-08
5.266588942731687e-08
5.26329202443776e-08
5.196459085254901e-08
5.140893932775725e-08
5.1259860356367426e-08
5.0994749756227975e-08
5.108494960381904e-08
5.018664950284801e-08
4.951662901930831e-08
4.92209615288175e-08
4.9068759722104005e-08
4.888958926585474e-08
4.882532067540524e-08
4.8032241295459244e-08
4.757734117788459e-08
4.718232915479348e-08
4.694899047308354e-08
4.691612076612728e-08
4.591453972579984e-08
4.549973908751781e-08
4.52866899536275e-08
4.507678852405661e-08
4.497735162090066e-08
4.4920241748513945e-08
4.437169920379347e-08
4.4271928345551714e-08
4.383799989682302e-08
4.35561595679701e-08
4.337276138244306e-08
4.29532391876819e-08
4.223377914058801e-08
4.1802231010024116e-08
4.1675910722460685e-08
4.155292998575533e-08
4.150446031303545e-08
4.101718076299221e-08
4.0645428356356206e-08
4.035029022020353e-08
4.01268209770933e-08
3.998865949483843e-08
3.959991090596304e-08
3.9088959624677955e-08
3.874596998798552e-08
3.8497091736644506e-08
3.8391331003140294e-08
3.8382740541464955e-08
3.83272116266653e-08
3.762034950227644e-08
3.740415976949407e-08
3.725559949430135e-08
3.714627894169098e-08
3.719248908851114e-08
3.661682157485302e-08
3.6276791348655024e-08
3.6005250336756944e-08
3.5806390741299765e-08
3.5710691292933916e-08
3.562985995131385e-08
3.493518008212959e-08
3.41076784593497e-08
3.4383528912940164e-08
3.438265849808886e-08
3.4278031080248184e-08
3.447746976803501e-08
3.407420834378172e-08
3.36675505252515e-08
3.343507870567919e-08
3.3271479793484104e-08
3.318717034517249e-08
3.281378013753056e-08
3.311398089067552e-08
3.2662999416288585e-08
3.2404130934082787e-08
3.2191888266197566e-08
3.198564968442952e-08
3.134962867079594e-08
3.112626956180975e-08
3.096544176628413e-08
3.0880631385343804e-08
3.08635890178266e-08
3.045247964905684e-08
3.0153170627045256e-08
2.989165892586243e-08
2.9776659360436497e-08
2.9740409246414856e-08
2.988322123087528e-08
2.926499043098829e-08
2.8662629603104506e-08
2.8927900075359503e-08
2.8592729961474106e-08
2.8178899214026387e-08
2.7945390002059867e-08
2.84475607514878e-08
2.860661041381718e-08
2.8608409863295492e-08
2.8629790094214513e-08
2.861916925667174e-08
2.86170305230371e-08
2.862580039675322e-08
2.8630489978809237e-08
2.861631998030134e-08
2.8619780323424493e-08
2.8605619206700794e-08
2.861371939388846e-08
2.862310921614153e-08
2.8630790183115096e-08
2.862769932221454e-08
2.862885040144647e-08
2.861830949996147e-08
2.86109891334263e-08
2.8595490420002534e-08
2.8593909462415468e-08
2.8638810434244988e-08
2.8636369719947652e-08
2.8630520176875507e-08
2.861021997091484e-08
2.8624510761687816e-08
2.862207004739048e-08
2.8644889127349416e-08